20000101
20191231
0.0262
0.0262
0.0262
0.0262
0.0262
0.0262
0.0262
0.0262
0.0458
0.0458
0.0458
0.0458
0.0458
0.0458
0.0458
0.0458
0.0467
0.0467
0.0467
0.0467
0.0467
0.0467
0.0467
0.0467
0
0
0
0
0
0
0
0
0.0672
0.0672
0.0672
0.0672
0.0672
0.0672
0.0672
0.0672
0.1225
0.1225
0.1225
0.1225
0.1225
0.1225
0.1225
0.1225
0.1493
0.1493
0.1493
0.1493
0.1493
0.1493
0.1493
0.1493
0.1741
0.1741
0.1741
0.1741
0.1741
0.1741
0.1741
0.1741
0.1994
0.1994
0.1994
0.1994
0.1994
0.1994
0.1994
0.1994
0.213
0.213
0.213
0.213
0.213
0.213
0.213
0.213
0.3396
0.3396
0.3396
0.3396
0.3396
0.3396
0.3396
0.3396
0.3706
0.3706
0.3706
0.3706
0.3706
0.3706
0.3706
0.3706
0.5448
0.5448
0.5448
0.5448
0.5448
0.5448
0.5448
0.5448
0.9563
0.9563
0.9563
0.9563
0.9563
0.9563
0.9563
0.9563
1.085
1.085
1.085
1.085
1.085
1.085
1.085
1.085
1.1903
1.1903
1.1903
1.1903
1.1903
1.1903
1.1903
1.1903
1.5193
1.5193
1.5193
1.5193
1.5193
1.5193
1.5193
1.5193
1.1893
1.1893
1.1893
1.1893
1.1893
1.1893
1.1893
1.1893
0.9299
0.9299
0.9299
0.9299
0.9299
0.9299
0.9299
0.9299
0.9797
0.9797
0.9797
0.9797
0.9797
0.9797
0.9797
0.9797
1.0732
1.0732
1.0732
1.0732
1.0732
1.0732
1.0732
1.0732
1.134
1.134
1.134
1.134
1.134
1.134
1.134
1.134
0.9088
0.9088
0.9088
0.9088
0.9088
0.9088
0.9088
0.9088
1.2359
1.2359
1.2359
1.2359
1.2359
1.2359
1.2359
1.2359
1.1768
1.1768
1.1768
1.1768
1.1768
1.1768
1.1768
1.1768
1.2031
1.2031
1.2031
1.2031
1.2031
1.2031
1.2031
1.2031
0.9742
0.9742
0.9742
0.9742
0.9742
0.9742
0.9742
0.9742
0.6377
0.6377
0.6377
0.6377
0.6377
0.6377
0.6377
0.6377
0.4982
0.4982
0.4982
0.4982
0.4982
0.4982
0.4982
0.4982
0.4191
0.4191
0.4191
0.4191
0.4191
0.4191
0.4191
0.4191
0.3849
0.3849
0.3849
0.3849
0.3849
0.3849
0.3849
0.3849
0.4199
0.4199
0.4199
0.4199
0.4199
0.4199
0.4199
0.4199
0.4072
0.4072
0.4072
0.4072
0.4072
0.4072
0.4072
0.4072
0.3313
0.3313
0.3313
0.3313
0.3313
0.3313
0.3313
0.3313
0.3104
0.3104
0.3104
0.3104
0.3104
0.3104
0.3104
0.3104
0.1779
0.1779
0.1779
0.1779
0.1779
0.1779
0.1779
0.1779
0.1008
0.1008
0.1008
0.1008
0.1008
0.1008
0.1008
0.1008
0.0592
0.0592
0.0592
0.0592
0.0592
0.0592
0.0592
0.0592
0.0467
0.0467
0.0467
0.0467
0.0467
0.0467
0.0467
0.0467
0.0247
0.0247
0.0247
0.0247
0.0247
0.0247
0.0247
0.0247
0.027
0.027
0.027
0.027
0.027
0.027
0.027
0.027
0.0326
0.0326
0.0326
0.0326
0.0326
0.0326
0.0326
0.0326
0.0194
0.0194
0.0194
0.0194
0.0194
0.0194
0.0194
0.0194
0
0
0
0
0
0
0
0
3e-04
3e-04
3e-04
3e-04
3e-04
3e-04
3e-04
3e-04
0
0
0
0
0
0
0
0
0
0
0
0
0
0
0.0195
0.0195
0.0195
0.0195
0.0195
0.0195
0.0195
0.0195
0.0122
0.0122
0.0122
0.0122
0.0122
0.0122
0.0122
0.0122
0.0186
0.0186
0.0186
0.0186
0.0186
0.0186
0.0186
0.0186
0.0496
0.0496
0.0496
0.0496
0.0496
0.0496
0.0496
0.0496
0.0315
0.0315
0.0315
0.0315
0.0315
0.0315
0.0315
0.0315
0.0627
0.0627
0.0627
0.0627
0.0627
0.0627
0.0627
0.0627
0.05
0.05
0.05
0.05
0.05
0.05
0.05
0.05
0.0931
0.0931
0.0931
0.0931
0.0931
0.0931
0.0931
0.0931
0.1121
0.1121
0.1121
0.1121
0.1121
0.1121
0.1121
0.1121
0.1211
0.1211
0.1211
0.1211
0.1211
0.1211
0.1211
0.1211
0.2973
0.2973
0.2973
0.2973
0.2973
0.2973
0.2973
0.2973
0.4107
0.4107
0.4107
0.4107
0.4107
0.4107
0.4107
0.4107
0.568
0.568
0.568
0.568
0.568
0.568
0.568
0.568
1.0157
1.0157
1.0157
1.0157
1.0157
1.0157
1.0157
1.0157
1.1235
1.1235
1.1235
1.1235
1.1235
1.1235
1.1235
1.1235
1.2434
1.2434
1.2434
1.2434
1.2434
1.2434
1.2434
1.2434
1.2236
1.2236
1.2236
1.2236
1.2236
1.2236
1.2236
1.2236
1.1261
1.1261
1.1261
1.1261
1.1261
1.1261
1.1261
1.1261
1.1585
1.1585
1.1585
1.1585
1.1585
1.1585
1.1585
1.1585
1.1118
1.1118
1.1118
1.1118
1.1118
1.1118
1.1118
1.1118
1.1965
1.1965
1.1965
1.1965
1.1965
1.1965
1.1965
1.1965
0.77
0.77
0.77
0.77
0.77
0.77
0.77
0.77
0.5334
0.5334
0.5334
0.5334
0.5334
0.5334
0.5334
0.5334
0.4251
0.4251
0.4251
0.4251
0.4251
0.4251
0.4251
0.4251
0.4064
0.4064
0.4064
0.4064
0.4064
0.4064
0.4064
0.4064
0.3565
0.3565
0.3565
0.3565
0.3565
0.3565
0.3565
0.3565
0.3287
0.3287
0.3287
0.3287
0.3287
0.3287
0.3287
0.3287
0.3674
0.3674
0.3674
0.3674
0.3674
0.3674
0.3674
0.3674
0.3564
0.3564
0.3564
0.3564
0.3564
0.3564
0.3564
0.3564
0.3901
0.3901
0.3901
0.3901
0.3901
0.3901
0.3901
0.3901
0.721
0.721
0.721
0.721
0.721
0.721
0.721
0.721
0.6854
0.6854
0.6854
0.6854
0.6854
0.6854
0.6854
0.6854
0.8372
0.8372
0.8372
0.8372
0.8372
0.8372
0.8372
0.8372
0.6829
0.6829
0.6829
0.6829
0.6829
0.6829
0.6829
0.6829
0.468
0.468
0.468
0.468
0.468
0.468
0.468
0.468
0.4179
0.4179
0.4179
0.4179
0.4179
0.4179
0.4179
0.4179
0.3104
0.3104
0.3104
0.3104
0.3104
0.3104
0.3104
0.3104
0.2116
0.2116
0.2116
0.2116
0.2116
0.2116
0.2116
0.2116
0.1184
0.1184
0.1184
0.1184
0.1184
0.1184
0.1184
0.1184
0.1021
0.1021
0.1021
0.1021
0.1021
0.1021
0.1021
0.1021
0.0427
0.0427
0.0427
0.0427
0.0427
0.0427
0.0427
0.0427
0.0661
0.0661
0.0661
0.0661
0.0661
0.0661
0.0661
0.0661
0.0403
0.0403
0.0403
0.0403
0.0403
0.0403
0.0403
0.0403
0.0401
0.0401
0.0401
0.0401
0.0401
0.0401
0.0401
0.0401
0.0253
0.0253
0.0253
0.0253
0.0253
0.0212
0.0212
0.0212
0.0212
0.0212
0.0212
0.0212
0.0212
0.0608
0.0608
0.0608
0.0608
0.0608
0.0608
0.0608
0.0608
0.0385
0.0385
0.0385
0.0385
0.0385
0.0385
0.0385
0.0385
0.0534
0.0534
0.0534
0.0534
0.0534
0.0534
0.0534
0.0534
0.0323
0.0323
0.0323
0.0323
0.0323
0.0323
0.0323
0.0323
0.0745
0.0745
0.0745
0.0745
0.0745
0.0745
0.0745
0.0745
0.1045
0.1045
0.1045
0.1045
0.1045
0.1045
0.1045
0.1045
0.0286
0.0286
0.0286
0.0286
0.0286
0.0286
0.0286
0.0286
0.1276
0.1276
0.1276
0.1276
0.1276
0.1276
0.1276
0.1276
0.1142
0.1142
0.1142
0.1142
0.1142
0.1142
0.1142
0.1142
0.1863
0.1863
0.1863
0.1863
0.1863
0.1863
0.1863
0.1863
0.2064
0.2064
0.2064
0.2064
0.2064
0.2064
0.2064
0.2064
0.299
0.299
0.299
0.299
0.299
0.299
0.299
0.299
0.5043
0.5043
0.5043
0.5043
0.5043
0.5043
0.5043
0.5043
1.0785
1.0785
1.0785
1.0785
1.0785
1.0785
1.0785
1.0785
1.5596
1.5596
1.5596
1.5596
1.5596
1.5596
1.5596
1.5596
1.3303
1.3303
1.3303
1.3303
1.3303
1.3303
1.3303
1.3303
1.4503
1.4503
1.4503
1.4503
1.4503
1.4503
1.4503
1.4503
1.5351
1.5351
1.5351
1.5351
1.5351
1.5351
1.5351
1.5351
1.5613
1.5613
1.5613
1.5613
1.5613
1.5613
1.5613
1.5613
1.5906
1.5906
1.5906
1.5906
1.5906
1.5906
1.5906
1.5906
1.4338
1.4338
1.4338
1.4338
1.4338
1.4338
1.4338
1.4338
1.0361
1.0361
1.0361
1.0361
1.0361
1.0361
1.0361
1.0361
1.0459
1.0459
1.0459
1.0459
1.0459
1.0459
1.0459
1.0459
0.923
0.923
0.923
0.923
0.923
0.923
0.923
0.923
0.8837
0.8837
0.8837
0.8837
0.8837
0.8837
0.8837
0.8837
0.7299
0.7299
0.7299
0.7299
0.7299
0.7299
0.7299
0.7299
0.6216
0.6216
0.6216
0.6216
0.6216
0.6216
0.6216
0.6216
0.7207
0.7207
0.7207
0.7207
0.7207
0.7207
0.7207
0.7207
0.6774
0.6774
0.6774
0.6774
0.6774
0.6774
0.6774
0.6774
0.7022
0.7022
0.7022
0.7022
0.7022
0.7022
0.7022
0.7022
0.6271
0.6271
0.6271
0.6271
0.6271
0.6271
0.6271
0.6271
0.5899
0.5899
0.5899
0.5899
0.5899
0.5899
0.5899
0.5899
0.5207
0.5207
0.5207
0.5207
0.5207
0.5207
0.5207
0.5207
0.3662
0.3662
0.3662
0.3662
0.3662
0.3662
0.3662
0.3662
0.2116
0.2116
0.2116
0.2116
0.2116
0.2116
0.2116
0.2116
0.1507
0.1507
0.1507
0.1507
0.1507
0.1507
0.1507
0.1507
0.1008
0.1008
0.1008
0.1008
0.1008
0.1008
0.1008
0.1008
0.0616
0.0616
0.0616
0.0616
0.0616
0.0616
0.0616
0.0616
0.0752
0.0752
0.0752
0.0752
0.0752
0.0752
0.0752
0.0752
0.0689
0.0689
0.0689
0.0689
0.0689
0.0689
0.0689
0.0689
0.045
0.045
0.045
0.045
0.045
0.045
0.045
0.045
0.0106
0.0106
0.0106
0.0106
0.0106
0.0106
0.0106
0.0106
0.0389
0.0389
0.0389
0.0389
0.0389
0.0389
0.0389
0.0389
0.0188
0.0188
0.0188
0.0188
0.0188
0.0188
0.0188
0.0188
0.0334
0.0334
0.0334
0.0334
0.0334
0.0489
0.0489
0.0489
0.0489
0.0489
0.0489
0.0489
0.0489
0.0206
0.0206
0.0206
0.0206
0.0206
0.0206
0.0206
0.0206
0.0199
0.0199
0.0199
0.0199
0.0199
0.0199
0.0199
0.0199
0.0571
0.0571
0.0571
0.0571
0.0571
0.0571
0.0571
0.0571
0.0409
0.0409
0.0409
0.0409
0.0409
0.0409
0.0409
0.0409
0.0593
0.0593
0.0593
0.0593
0.0593
0.0593
0.0593
0.0593
0.0309
0.0309
0.0309
0.0309
0.0309
0.0309
0.0309
0.0309
0.0174
0.0174
0.0174
0.0174
0.0174
0.0174
0.0174
0.0174
0.1232
0.1232
0.1232
0.1232
0.1232
0.1232
0.1232
0.1232
0.1378
0.1378
0.1378
0.1378
0.1378
0.1378
0.1378
0.1378
0.1784
0.1784
0.1784
0.1784
0.1784
0.1784
0.1784
0.1784
0.3118
0.3118
0.3118
0.3118
0.3118
0.3118
0.3118
0.3118
0.5163
0.5163
0.5163
0.5163
0.5163
0.5163
0.5163
0.5163
0.6007
0.6007
0.6007
0.6007
0.6007
0.6007
0.6007
0.6007
0.7601
0.7601
0.7601
0.7601
0.7601
0.7601
0.7601
0.7601
1.0198
1.0198
1.0198
1.0198
1.0198
1.0198
1.0198
1.0198
0.9833
0.9833
0.9833
0.9833
0.9833
0.9833
0.9833
0.9833
0.9294
0.9294
0.9294
0.9294
0.9294
0.9294
0.9294
0.9294
1.0298
1.0298
1.0298
1.0298
1.0298
1.0298
1.0298
1.0298
1.0319
1.0319
1.0319
1.0319
1.0319
1.0319
1.0319
1.0319
1.378
1.378
1.378
1.378
1.378
1.378
1.378
1.378
1.3473
1.3473
1.3473
1.3473
1.3473
1.3473
1.3473
1.3473
1.2173
1.2173
1.2173
1.2173
1.2173
1.2173
1.2173
1.2173
1.0093
1.0093
1.0093
1.0093
1.0093
1.0093
1.0093
1.0093
0.7776
0.7776
0.7776
0.7776
0.7776
0.7776
0.7776
0.7776
0.6521
0.6521
0.6521
0.6521
0.6521
0.6521
0.6521
0.6521
0.5798
0.5798
0.5798
0.5798
0.5798
0.5798
0.5798
0.5798
0.5533
0.5533
0.5533
0.5533
0.5533
0.5533
0.5533
0.5533
0.4554
0.4554
0.4554
0.4554
0.4554
0.4554
0.4554
0.4554
0.3575
0.3575
0.3575
0.3575
0.3575
0.3575
0.3575
0.3575
0.4371
0.4371
0.4371
0.4371
0.4371
0.4371
0.4371
0.4371
0.5926
0.5926
0.5926
0.5926
0.5926
0.5926
0.5926
0.5926
0.6224
0.6224
0.6224
0.6224
0.6224
0.6224
0.6224
0.6224
0.6153
0.6153
0.6153
0.6153
0.6153
0.6153
0.6153
0.6153
0.4451
0.4451
0.4451
0.4451
0.4451
0.4451
0.4451
0.4451
0.4284
0.4284
0.4284
0.4284
0.4284
0.4284
0.4284
0.4284
0.3114
0.3114
0.3114
0.3114
0.3114
0.3114
0.3114
0.3114
0.1977
0.1977
0.1977
0.1977
0.1977
0.1977
0.1977
0.1977
0.1253
0.1253
0.1253
0.1253
0.1253
0.1253
0.1253
0.1253
0.1264
0.1264
0.1264
0.1264
0.1264
0.1264
0.1264
0.1264
0.1028
0.1028
0.1028
0.1028
0.1028
0.1028
0.1028
0.1028
0.055
0.055
0.055
0.055
0.055
0.055
0.055
0.055
0.0456
0.0456
0.0456
0.0456
0.0456
0.0456
0.0456
0.0456
0.0295
0.0295
0.0295
0.0295
0.0295
0.0295
0.0295
0.0295
0.0457
0.0457
0.0457
0.0457
0.0457
0.0457
0.0457
0.0457
0.0453
0.0453
0.0453
0.0453
0.0453
0.0235
0.0235
0.0235
0.0235
0.0235
0.0235
0.0235
0.0235
0.03
0.03
0.03
0.03
0.03
0.03
0.03
0.03
0.0216
0.0216
0.0216
0.0216
0.0216
0.0216
0.0216
0.0216
0.0207
0.0207
0.0207
0.0207
0.0207
0.0207
0.0207
0.0207
0.0109
0.0109
0.0109
0.0109
0.0109
0.0109
0.0109
0.0109
0.0135
0.0135
0.0135
0.0135
0.0135
0.0135
0.0135
0.0135
0.0544
0.0544
0.0544
0.0544
0.0544
0.0544
0.0544
0.0544
0.0513
0.0513
0.0513
0.0513
0.0513
0.0513
0.0513
0.0513
0.0855
0.0855
0.0855
0.0855
0.0855
0.0855
0.0855
0.0855
0.1244
0.1244
0.1244
0.1244
0.1244
0.1244
0.1244
0.1244
0.1547
0.1547
0.1547
0.1547
0.1547
0.1547
0.1547
0.1547
0.2902
0.2902
0.2902
0.2902
0.2902
0.2902
0.2902
0.2902
0.3258
0.3258
0.3258
0.3258
0.3258
0.3258
0.3258
0.3258
0.7203
0.7203
0.7203
0.7203
0.7203
0.7203
0.7203
0.7203
0.8844
0.8844
0.8844
0.8844
0.8844
0.8844
0.8844
0.8844
1.0901
1.0901
1.0901
1.0901
1.0901
1.0901
1.0901
1.0901
1.1608
1.1608
1.1608
1.1608
1.1608
1.1608
1.1608
1.1608
1.0702
1.0702
1.0702
1.0702
1.0702
1.0702
1.0702
1.0702
0.8509
0.8509
0.8509
0.8509
0.8509
0.8509
0.8509
0.8509
0.8496
0.8496
0.8496
0.8496
0.8496
0.8496
0.8496
0.8496
0.9576
0.9576
0.9576
0.9576
0.9576
0.9576
0.9576
0.9576
1.0149
1.0149
1.0149
1.0149
1.0149
1.0149
1.0149
1.0149
1.0164
1.0164
1.0164
1.0164
1.0164
1.0164
1.0164
1.0164
1.4113
1.4113
1.4113
1.4113
1.4113
1.4113
1.4113
1.4113
1.2955
1.2955
1.2955
1.2955
1.2955
1.2955
1.2955
1.2955
1.0864
1.0864
1.0864
1.0864
1.0864
1.0864
1.0864
1.0864
1.082
1.082
1.082
1.082
1.082
1.082
1.082
1.082
1.0984
1.0984
1.0984
1.0984
1.0984
1.0984
1.0984
1.0984
0.9256
0.9256
0.9256
0.9256
0.9256
0.9256
0.9256
0.9256
1.0583
1.0583
1.0583
1.0583
1.0583
1.0583
1.0583
1.0583
0.9809
0.9809
0.9809
0.9809
0.9809
0.9809
0.9809
0.9809
0.8294
0.8294
0.8294
0.8294
0.8294
0.8294
0.8294
0.8294
0.5604
0.5604
0.5604
0.5604
0.5604
0.5604
0.5604
0.5604
0.4015
0.4015
0.4015
0.4015
0.4015
0.4015
0.4015
0.4015
0.2665
0.2665
0.2665
0.2665
0.2665
0.2665
0.2665
0.2665
0.1813
0.1813
0.1813
0.1813
0.1813
0.1813
0.1813
0.1813
0.2152
0.2152
0.2152
0.2152
0.2152
0.2152
0.2152
0.2152
0.1438
0.1438
0.1438
0.1438
0.1438
0.1438
0.1438
0.1438
0.0908
0.0908
0.0908
0.0908
0.0908
0.0908
0.0908
0.0908
0.0777
0.0777
0.0777
0.0777
0.0777
0.0777
0.0777
0.0777
0.0502
0.0502
0.0502
0.0502
0.0502
0.0502
0.0502
0.0502
0.0418
0.0418
0.0418
0.0418
0.0418
0.0418
0.0418
0.0418
0.0409
0.0409
0.0409
0.0409
0.0409
0.0409
0.0409
0.0409
0.034
0.034
0.034
0.034
0.034
0.034
0.034
0.034
0.0176
0.0176
0.0176
0.0176
0.0176
0.0176
0.0176
0.0176
0.0552
0.0552
0.0552
0.0552
0.0552
0.0552
0.0237
0.0237
0.0237
0.0237
0.0237
0.0237
0.0237
0.0237
0.0419
0.0419
0.0419
0.0419
0.0419
0.0419
0.0419
0.0419
0.0382
0.0382
0.0382
0.0382
0.0382
0.0382
0.0382
0.0382
0.0194
0.0194
0.0194
0.0194
0.0194
0.0194
0.0194
0.0194
0.0257
0.0257
0.0257
0.0257
0.0257
0.0257
0.0257
0.0257
0.0431
0.0431
0.0431
0.0431
0.0431
0.0431
0.0431
0.0431
0.0437
0.0437
0.0437
0.0437
0.0437
0.0437
0.0437
0.0437
0.0591
0.0591
0.0591
0.0591
0.0591
0.0591
0.0591
0.0591
0.1107
0.1107
0.1107
0.1107
0.1107
0.1107
0.1107
0.1107
0.1129
0.1129
0.1129
0.1129
0.1129
0.1129
0.1129
0.1129
0.1661
0.1661
0.1661
0.1661
0.1661
0.1661
0.1661
0.1661
0.2803
0.2803
0.2803
0.2803
0.2803
0.2803
0.2803
0.2803
0.4169
0.4169
0.4169
0.4169
0.4169
0.4169
0.4169
0.4169
0.5864
0.5864
0.5864
0.5864
0.5864
0.5864
0.5864
0.5864
0.6342
0.6342
0.6342
0.6342
0.6342
0.6342
0.6342
0.6342
0.5391
0.5391
0.5391
0.5391
0.5391
0.5391
0.5391
0.5391
0.895
0.895
0.895
0.895
0.895
0.895
0.895
0.895
0.9234
0.9234
0.9234
0.9234
0.9234
0.9234
0.9234
0.9234
0.9029
0.9029
0.9029
0.9029
0.9029
0.9029
0.9029
0.9029
1.065
1.065
1.065
1.065
1.065
1.065
1.065
1.065
1.193
1.193
1.193
1.193
1.193
1.193
1.193
1.193
1.0413
1.0413
1.0413
1.0413
1.0413
1.0413
1.0413
1.0413
0.88
0.88
0.88
0.88
0.88
0.88
0.88
0.88
0.8896
0.8896
0.8896
0.8896
0.8896
0.8896
0.8896
0.8896
0.6524
0.6524
0.6524
0.6524
0.6524
0.6524
0.6524
0.6524
0.596
0.596
0.596
0.596
0.596
0.596
0.596
0.596
0.6893
0.6893
0.6893
0.6893
0.6893
0.6893
0.6893
0.6893
0.706
0.706
0.706
0.706
0.706
0.706
0.706
0.706
0.6518
0.6518
0.6518
0.6518
0.6518
0.6518
0.6518
0.6518
0.8027
0.8027
0.8027
0.8027
0.8027
0.8027
0.8027
0.8027
0.7455
0.7455
0.7455
0.7455
0.7455
0.7455
0.7455
0.7455
0.5796
0.5796
0.5796
0.5796
0.5796
0.5796
0.5796
0.5796
0.5379
0.5379
0.5379
0.5379
0.5379
0.5379
0.5379
0.5379
0.5467
0.5467
0.5467
0.5467
0.5467
0.5467
0.5467
0.5467
0.4005
0.4005
0.4005
0.4005
0.4005
0.4005
0.4005
0.4005
0.3582
0.3582
0.3582
0.3582
0.3582
0.3582
0.3582
0.3582
0.2718
0.2718
0.2718
0.2718
0.2718
0.2718
0.2718
0.2718
0.1512
0.1512
0.1512
0.1512
0.1512
0.1512
0.1512
0.1512
0.1425
0.1425
0.1425
0.1425
0.1425
0.1425
0.1425
0.1425
0.0941
0.0941
0.0941
0.0941
0.0941
0.0941
0.0941
0.0941
0.0617
0.0617
0.0617
0.0617
0.0617
0.0617
0.0617
0.0617
0.0503
0.0503
0.0503
0.0503
0.0503
0.0503
0.0503
0.0503
0.0071
0.0071
0.0071
0.0071
0.0071
0.0071
0.0071
0.0071
0.0306
0.0306
0.0306
0.0306
0.0306
0.0306
0.0306
0.0306
0.0392
0.0392
0.0392
0.0392
0.0392
0.0392
0.0392
0.0392
0.0482
0.0482
0.0482
0.0482
0.0482
0.0489
0.0489
0.0489
0.0489
0.0489
0.0489
0.0489
0.0489
0.0492
0.0492
0.0492
0.0492
0.0492
0.0492
0.0492
0.0492
0.0445
0.0445
0.0445
0.0445
0.0445
0.0445
0.0445
0.0445
0.0498
0.0498
0.0498
0.0498
0.0498
0.0498
0.0498
0.0498
0.0482
0.0482
0.0482
0.0482
0.0482
0.0482
0.0482
0.0482
0.0421
0.0421
0.0421
0.0421
0.0421
0.0421
0.0421
0.0421
0.0254
0.0254
0.0254
0.0254
0.0254
0.0254
0.0254
0.0254
0.0832
0.0832
0.0832
0.0832
0.0832
0.0832
0.0832
0.0832
0.1091
0.1091
0.1091
0.1091
0.1091
0.1091
0.1091
0.1091
0.0545
0.0545
0.0545
0.0545
0.0545
0.0545
0.0545
0.0545
0.059
0.059
0.059
0.059
0.059
0.059
0.059
0.059
0.1116
0.1116
0.1116
0.1116
0.1116
0.1116
0.1116
0.1116
0.2865
0.2865
0.2865
0.2865
0.2865
0.2865
0.2865
0.2865
0.5413
0.5413
0.5413
0.5413
0.5413
0.5413
0.5413
0.5413
0.5401
0.5401
0.5401
0.5401
0.5401
0.5401
0.5401
0.5401
0.6835
0.6835
0.6835
0.6835
0.6835
0.6835
0.6835
0.6835
0.9684
0.9684
0.9684
0.9684
0.9684
0.9684
0.9684
0.9684
1.1247
1.1247
1.1247
1.1247
1.1247
1.1247
1.1247
1.1247
0.9874
0.9874
0.9874
0.9874
0.9874
0.9874
0.9874
0.9874
0.8055
0.8055
0.8055
0.8055
0.8055
0.8055
0.8055
0.8055
0.6874
0.6874
0.6874
0.6874
0.6874
0.6874
0.6874
0.6874
0.792
0.792
0.792
0.792
0.792
0.792
0.792
0.792
0.7772
0.7772
0.7772
0.7772
0.7772
0.7772
0.7772
0.7772
0.6393
0.6393
0.6393
0.6393
0.6393
0.6393
0.6393
0.6393
0.4736
0.4736
0.4736
0.4736
0.4736
0.4736
0.4736
0.4736
0.5968
0.5968
0.5968
0.5968
0.5968
0.5968
0.5968
0.5968
0.6289
0.6289
0.6289
0.6289
0.6289
0.6289
0.6289
0.6289
0.5235
0.5235
0.5235
0.5235
0.5235
0.5235
0.5235
0.5235
0.371
0.371
0.371
0.371
0.371
0.371
0.371
0.371
0.3124
0.3124
0.3124
0.3124
0.3124
0.3124
0.3124
0.3124
0.4658
0.4658
0.4658
0.4658
0.4658
0.4658
0.4658
0.4658
0.7462
0.7462
0.7462
0.7462
0.7462
0.7462
0.7462
0.7462
0.6916
0.6916
0.6916
0.6916
0.6916
0.6916
0.6916
0.6916
0.6736
0.6736
0.6736
0.6736
0.6736
0.6736
0.6736
0.6736
0.5239
0.5239
0.5239
0.5239
0.5239
0.5239
0.5239
0.5239
0.2825
0.2825
0.2825
0.2825
0.2825
0.2825
0.2825
0.2825
0.2104
0.2104
0.2104
0.2104
0.2104
0.2104
0.2104
0.2104
0.1641
0.1641
0.1641
0.1641
0.1641
0.1641
0.1641
0.1641
0.0798
0.0798
0.0798
0.0798
0.0798
0.0798
0.0798
0.0798
0.0693
0.0693
0.0693
0.0693
0.0693
0.0693
0.0693
0.0693
0.0616
0.0616
0.0616
0.0616
0.0616
0.0616
0.0616
0.0616
0.0594
0.0594
0.0594
0.0594
0.0594
0.0594
0.0594
0.0594
0.0103
0.0103
0.0103
0.0103
0.0103
0.0103
0.0103
0.0103
0.0411
0.0411
0.0411
0.0411
0.0411
0.0411
0.0411
0.0411
0.0171
0.0171
0.0171
0.0171
0.0171
0.0171
0.0171
0.0171
0.03
0.03
0.03
0.03
0.03
0.0195
0.0195
0.0195
0.0195
0.0195
0.0195
0.0195
0.0195
0.0072
0.0072
0.0072
0.0072
0.0072
0.0072
0.0072
0.0072
0
0
0
0
0
0
0
0
0.0079
0.0079
0.0079
0.0079
0.0079
0.0079
0.0079
0.0079
0.0164
0.0164
0.0164
0.0164
0.0164
0.0164
0.0164
0.0164
0.0087
0.0087
0.0087
0.0087
0.0087
0.0087
0.0087
0.0087
0.0716
0.0716
0.0716
0.0716
0.0716
0.0716
0.0716
0.0716
0.0593
0.0593
0.0593
0.0593
0.0593
0.0593
0.0593
0.0593
0.0689
0.0689
0.0689
0.0689
0.0689
0.0689
0.0689
0.0689
0.1546
0.1546
0.1546
0.1546
0.1546
0.1546
0.1546
0.1546
0.336
0.336
0.336
0.336
0.336
0.336
0.336
0.336
0.4954
0.4954
0.4954
0.4954
0.4954
0.4954
0.4954
0.4954
0.3296
0.3296
0.3296
0.3296
0.3296
0.3296
0.3296
0.3296
0.6008
0.6008
0.6008
0.6008
0.6008
0.6008
0.6008
0.6008
0.8741
0.8741
0.8741
0.8741
0.8741
0.8741
0.8741
0.8741
1.0303
1.0303
1.0303
1.0303
1.0303
1.0303
1.0303
1.0303
1.3263
1.3263
1.3263
1.3263
1.3263
1.3263
1.3263
1.3263
1.2798
1.2798
1.2798
1.2798
1.2798
1.2798
1.2798
1.2798
1.1093
1.1093
1.1093
1.1093
1.1093
1.1093
1.1093
1.1093
1.5333
1.5333
1.5333
1.5333
1.5333
1.5333
1.5333
1.5333
1.0482
1.0482
1.0482
1.0482
1.0482
1.0482
1.0482
1.0482
1.0477
1.0477
1.0477
1.0477
1.0477
1.0477
1.0477
1.0477
0.837
0.837
0.837
0.837
0.837
0.837
0.837
0.837
1.1953
1.1953
1.1953
1.1953
1.1953
1.1953
1.1953
1.1953
1.3552
1.3552
1.3552
1.3552
1.3552
1.3552
1.3552
1.3552
1.3694
1.3694
1.3694
1.3694
1.3694
1.3694
1.3694
1.3694
1.0418
1.0418
1.0418
1.0418
1.0418
1.0418
1.0418
1.0418
1.0396
1.0396
1.0396
1.0396
1.0396
1.0396
1.0396
1.0396
0.7962
0.7962
0.7962
0.7962
0.7962
0.7962
0.7962
0.7962
0.9658
0.9658
0.9658
0.9658
0.9658
0.9658
0.9658
0.9658
0.838
0.838
0.838
0.838
0.838
0.838
0.838
0.838
0.7539
0.7539
0.7539
0.7539
0.7539
0.7539
0.7539
0.7539
0.6834
0.6834
0.6834
0.6834
0.6834
0.6834
0.6834
0.6834
0.5384
0.5384
0.5384
0.5384
0.5384
0.5384
0.5384
0.5384
0.4012
0.4012
0.4012
0.4012
0.4012
0.4012
0.4012
0.4012
0.2797
0.2797
0.2797
0.2797
0.2797
0.2797
0.2797
0.2797
0.2426
0.2426
0.2426
0.2426
0.2426
0.2426
0.2426
0.2426
0.2072
0.2072
0.2072
0.2072
0.2072
0.2072
0.2072
0.2072
0.1668
0.1668
0.1668
0.1668
0.1668
0.1668
0.1668
0.1668
0.1298
0.1298
0.1298
0.1298
0.1298
0.1298
0.1298
0.1298
0.0678
0.0678
0.0678
0.0678
0.0678
0.0678
0.0678
0.0678
0.037
0.037
0.037
0.037
0.037
0.037
0.037
0.037
0.0237
0.0237
0.0237
0.0237
0.0237
0.0237
0.0237
0.0237
0.0074
0.0074
0.0074
0.0074
0.0074
0.0074
0.0074
0.0074
0.0252
0.0252
0.0252
0.0252
0.0252
0.0252
0.0252
0.0252
0.011
0.011
0.011
0.011
0.011
0.0312
0.0312
0.0312
0.0312
0.0312
0.0312
0.0312
0.0312
0.0349
0.0349
0.0349
0.0349
0.0349
0.0349
0.0349
0.0349
0.009
0.009
0.009
0.009
0.009
0.009
0.009
0.009
0.0402
0.0402
0.0402
0.0402
0.0402
0.0402
0.0402
0.0402
0.0418
0.0418
0.0418
0.0418
0.0418
0.0418
0.0418
0.0418
0.0313
0.0313
0.0313
0.0313
0.0313
0.0313
0.0313
0.0313
0.0457
0.0457
0.0457
0.0457
0.0457
0.0457
0.0457
0.0457
0.087
0.087
0.087
0.087
0.087
0.087
0.087
0.087
0.0743
0.0743
0.0743
0.0743
0.0743
0.0743
0.0743
0.0743
0.1145
0.1145
0.1145
0.1145
0.1145
0.1145
0.1145
0.1145
0.2079
0.2079
0.2079
0.2079
0.2079
0.2079
0.2079
0.2079
0.2167
0.2167
0.2167
0.2167
0.2167
0.2167
0.2167
0.2167
0.3036
0.3036
0.3036
0.3036
0.3036
0.3036
0.3036
0.3036
0.4908
0.4908
0.4908
0.4908
0.4908
0.4908
0.4908
0.4908
0.7349
0.7349
0.7349
0.7349
0.7349
0.7349
0.7349
0.7349
0.8874
0.8874
0.8874
0.8874
0.8874
0.8874
0.8874
0.8874
1.0927
1.0927
1.0927
1.0927
1.0927
1.0927
1.0927
1.0927
1.1978
1.1978
1.1978
1.1978
1.1978
1.1978
1.1978
1.1978
1.1954
1.1954
1.1954
1.1954
1.1954
1.1954
1.1954
1.1954
1.3458
1.3458
1.3458
1.3458
1.3458
1.3458
1.3458
1.3458
1.2669
1.2669
1.2669
1.2669
1.2669
1.2669
1.2669
1.2669
1.3548
1.3548
1.3548
1.3548
1.3548
1.3548
1.3548
1.3548
1.3117
1.3117
1.3117
1.3117
1.3117
1.3117
1.3117
1.3117
1.1675
1.1675
1.1675
1.1675
1.1675
1.1675
1.1675
1.1675
1.1226
1.1226
1.1226
1.1226
1.1226
1.1226
1.1226
1.1226
1.0738
1.0738
1.0738
1.0738
1.0738
1.0738
1.0738
1.0738
0.8279
0.8279
0.8279
0.8279
0.8279
0.8279
0.8279
0.8279
0.6487
0.6487
0.6487
0.6487
0.6487
0.6487
0.6487
0.6487
0.5993
0.5993
0.5993
0.5993
0.5993
0.5993
0.5993
0.5993
0.662
0.662
0.662
0.662
0.662
0.662
0.662
0.662
0.6117
0.6117
0.6117
0.6117
0.6117
0.6117
0.6117
0.6117
0.5424
0.5424
0.5424
0.5424
0.5424
0.5424
0.5424
0.5424
0.5981
0.5981
0.5981
0.5981
0.5981
0.5981
0.5981
0.5981
0.5176
0.5176
0.5176
0.5176
0.5176
0.5176
0.5176
0.5176
0.3822
0.3822
0.3822
0.3822
0.3822
0.3822
0.3822
0.3822
0.2819
0.2819
0.2819
0.2819
0.2819
0.2819
0.2819
0.2819
0.1972
0.1972
0.1972
0.1972
0.1972
0.1972
0.1972
0.1972
0.1528
0.1528
0.1528
0.1528
0.1528
0.1528
0.1528
0.1528
0.11
0.11
0.11
0.11
0.11
0.11
0.11
0.11
0.0506
0.0506
0.0506
0.0506
0.0506
0.0506
0.0506
0.0506
0.0465
0.0465
0.0465
0.0465
0.0465
0.0465
0.0465
0.0465
0.0381
0.0381
0.0381
0.0381
0.0381
0.0381
0.0381
0.0381
0.0319
0.0319
0.0319
0.0319
0.0319
0.0319
0.0319
0.0319
0.0214
0.0214
0.0214
0.0214
0.0214
0.0214
0.0214
0.0214
0.0274
0.0274
0.0274
0.0274
0.0274
0.0274
0.0274
0.0274
0.0468
0.0468
0.0468
0.0468
0.0468
0.0468
0.0325
0.0325
0.0325
0.0325
0.0325
0.0325
0.0325
0.0325
0.0285
0.0285
0.0285
0.0285
0.0285
0.0285
0.0285
0.0285
0.0339
0.0339
0.0339
0.0339
0.0339
0.0339
0.0339
0.0339
0.0017
0.0017
0.0017
0.0017
0.0017
0.0017
0.0017
0.0017
0.0483
0.0483
0.0483
0.0483
0.0483
0.0483
0.0483
0.0483
0.0616
0.0616
0.0616
0.0616
0.0616
0.0616
0.0616
0.0616
0.0746
0.0746
0.0746
0.0746
0.0746
0.0746
0.0746
0.0746
0.08
0.08
0.08
0.08
0.08
0.08
0.08
0.08
0.0662
0.0662
0.0662
0.0662
0.0662
0.0662
0.0662
0.0662
0.0872
0.0872
0.0872
0.0872
0.0872
0.0872
0.0872
0.0872
0.1143
0.1143
0.1143
0.1143
0.1143
0.1143
0.1143
0.1143
0.181
0.181
0.181
0.181
0.181
0.181
0.181
0.181
0.2328
0.2328
0.2328
0.2328
0.2328
0.2328
0.2328
0.2328
0.3446
0.3446
0.3446
0.3446
0.3446
0.3446
0.3446
0.3446
0.5721
0.5721
0.5721
0.5721
0.5721
0.5721
0.5721
0.5721
0.6349
0.6349
0.6349
0.6349
0.6349
0.6349
0.6349
0.6349
0.7445
0.7445
0.7445
0.7445
0.7445
0.7445
0.7445
0.7445
1.1987
1.1987
1.1987
1.1987
1.1987
1.1987
1.1987
1.1987
1.3259
1.3259
1.3259
1.3259
1.3259
1.3259
1.3259
1.3259
1.2674
1.2674
1.2674
1.2674
1.2674
1.2674
1.2674
1.2674
1.0802
1.0802
1.0802
1.0802
1.0802
1.0802
1.0802
1.0802
1.0252
1.0252
1.0252
1.0252
1.0252
1.0252
1.0252
1.0252
0.9198
0.9198
0.9198
0.9198
0.9198
0.9198
0.9198
0.9198
0.8183
0.8183
0.8183
0.8183
0.8183
0.8183
0.8183
0.8183
0.7246
0.7246
0.7246
0.7246
0.7246
0.7246
0.7246
0.7246
0.6391
0.6391
0.6391
0.6391
0.6391
0.6391
0.6391
0.6391
0.7736
0.7736
0.7736
0.7736
0.7736
0.7736
0.7736
0.7736
0.8844
0.8844
0.8844
0.8844
0.8844
0.8844
0.8844
0.8844
0.8401
0.8401
0.8401
0.8401
0.8401
0.8401
0.8401
0.8401
0.7505
0.7505
0.7505
0.7505
0.7505
0.7505
0.7505
0.7505
0.7499
0.7499
0.7499
0.7499
0.7499
0.7499
0.7499
0.7499
0.5276
0.5276
0.5276
0.5276
0.5276
0.5276
0.5276
0.5276
0.3892
0.3892
0.3892
0.3892
0.3892
0.3892
0.3892
0.3892
0.5264
0.5264
0.5264
0.5264
0.5264
0.5264
0.5264
0.5264
0.3455
0.3455
0.3455
0.3455
0.3455
0.3455
0.3455
0.3455
0.2166
0.2166
0.2166
0.2166
0.2166
0.2166
0.2166
0.2166
0.2163
0.2163
0.2163
0.2163
0.2163
0.2163
0.2163
0.2163
0.1589
0.1589
0.1589
0.1589
0.1589
0.1589
0.1589
0.1589
0.1753
0.1753
0.1753
0.1753
0.1753
0.1753
0.1753
0.1753
0.1261
0.1261
0.1261
0.1261
0.1261
0.1261
0.1261
0.1261
0.091
0.091
0.091
0.091
0.091
0.091
0.091
0.091
0.0622
0.0622
0.0622
0.0622
0.0622
0.0622
0.0622
0.0622
0.0187
0.0187
0.0187
0.0187
0.0187
0.0187
0.0187
0.0187
0.0493
0.0493
0.0493
0.0493
0.0493
0.0493
0.0493
0.0493
0.0326
0.0326
0.0326
0.0326
0.0326
0.0326
0.0326
0.0326
0
0
0
0
0
0
0
0
0
0
0
0
0
0.0221
0.0221
0.0221
0.0221
0.0221
0.0221
0.0221
0.0221
0.0536
0.0536
0.0536
0.0536
0.0536
0.0536
0.0536
0.0536
0.0131
0.0131
0.0131
0.0131
0.0131
0.0131
0.0131
0.0131
0.0053
0.0053
0.0053
0.0053
0.0053
0.0053
0.0053
0.0053
0.0111
0.0111
0.0111
0.0111
0.0111
0.0111
0.0111
0.0111
0.0341
0.0341
0.0341
0.0341
0.0341
0.0341
0.0341
0.0341
0.0567
0.0567
0.0567
0.0567
0.0567
0.0567
0.0567
0.0567
0.0777
0.0777
0.0777
0.0777
0.0777
0.0777
0.0777
0.0777
0.0943
0.0943
0.0943
0.0943
0.0943
0.0943
0.0943
0.0943
0.1992
0.1992
0.1992
0.1992
0.1992
0.1992
0.1992
0.1992
0.3658
0.3658
0.3658
0.3658
0.3658
0.3658
0.3658
0.3658
0.5398
0.5398
0.5398
0.5398
0.5398
0.5398
0.5398
0.5398
0.5747
0.5747
0.5747
0.5747
0.5747
0.5747
0.5747
0.5747
1.0951
1.0951
1.0951
1.0951
1.0951
1.0951
1.0951
1.0951
1.1559
1.1559
1.1559
1.1559
1.1559
1.1559
1.1559
1.1559
0.9445
0.9445
0.9445
0.9445
0.9445
0.9445
0.9445
0.9445
1.4679
1.4679
1.4679
1.4679
1.4679
1.4679
1.4679
1.4679
1.3899
1.3899
1.3899
1.3899
1.3899
1.3899
1.3899
1.3899
1.1686
1.1686
1.1686
1.1686
1.1686
1.1686
1.1686
1.1686
1.0793
1.0793
1.0793
1.0793
1.0793
1.0793
1.0793
1.0793
1.0281
1.0281
1.0281
1.0281
1.0281
1.0281
1.0281
1.0281
0.9311
0.9311
0.9311
0.9311
0.9311
0.9311
0.9311
0.9311
0.9121
0.9121
0.9121
0.9121
0.9121
0.9121
0.9121
0.9121
1.2374
1.2374
1.2374
1.2374
1.2374
1.2374
1.2374
1.2374
1.2067
1.2067
1.2067
1.2067
1.2067
1.2067
1.2067
1.2067
1.0509
1.0509
1.0509
1.0509
1.0509
1.0509
1.0509
1.0509
0.9336
0.9336
0.9336
0.9336
0.9336
0.9336
0.9336
0.9336
0.7149
0.7149
0.7149
0.7149
0.7149
0.7149
0.7149
0.7149
0.5482
0.5482
0.5482
0.5482
0.5482
0.5482
0.5482
0.5482
0.5166
0.5166
0.5166
0.5166
0.5166
0.5166
0.5166
0.5166
0.5181
0.5181
0.5181
0.5181
0.5181
0.5181
0.5181
0.5181
0.6435
0.6435
0.6435
0.6435
0.6435
0.6435
0.6435
0.6435
0.6322
0.6322
0.6322
0.6322
0.6322
0.6322
0.6322
0.6322
0.5991
0.5991
0.5991
0.5991
0.5991
0.5991
0.5991
0.5991
0.5103
0.5103
0.5103
0.5103
0.5103
0.5103
0.5103
0.5103
0.3403
0.3403
0.3403
0.3403
0.3403
0.3403
0.3403
0.3403
0.296
0.296
0.296
0.296
0.296
0.296
0.296
0.296
0.2005
0.2005
0.2005
0.2005
0.2005
0.2005
0.2005
0.2005
0.1321
0.1321
0.1321
0.1321
0.1321
0.1321
0.1321
0.1321
0.117
0.117
0.117
0.117
0.117
0.117
0.117
0.117
0.0622
0.0622
0.0622
0.0622
0.0622
0.0622
0.0622
0.0622
0.0511
0.0511
0.0511
0.0511
0.0511
0.0511
0.0511
0.0511
0.0401
0.0401
0.0401
0.0401
0.0401
0.0401
0.0401
0.0401
0.0343
0.0343
0.0343
0.0343
0.0343
0.0343
0.0343
0.0343
0.0369
0.0369
0.0369
0.0369
0.0369
0.0379
0.0379
0.0379
0.0379
0.0379
0.0379
0.0379
0.0379
0.0016
0.0016
0.0016
0.0016
0.0016
0.0016
0.0016
0.0016
0.0315
0.0315
0.0315
0.0315
0.0315
0.0315
0.0315
0.0315
0.0571
0.0571
0.0571
0.0571
0.0571
0.0571
0.0571
0.0571
0
0
0
0
0
0
0
0
0.0708
0.0708
0.0708
0.0708
0.0708
0.0708
0.0708
0.0708
0.1064
0.1064
0.1064
0.1064
0.1064
0.1064
0.1064
0.1064
0.1128
0.1128
0.1128
0.1128
0.1128
0.1128
0.1128
0.1128
0.1293
0.1293
0.1293
0.1293
0.1293
0.1293
0.1293
0.1293
0.1949
0.1949
0.1949
0.1949
0.1949
0.1949
0.1949
0.1949
0.203
0.203
0.203
0.203
0.203
0.203
0.203
0.203
0.2978
0.2978
0.2978
0.2978
0.2978
0.2978
0.2978
0.2978
0.4065
0.4065
0.4065
0.4065
0.4065
0.4065
0.4065
0.4065
0.4522
0.4522
0.4522
0.4522
0.4522
0.4522
0.4522
0.4522
0.4383
0.4383
0.4383
0.4383
0.4383
0.4383
0.4383
0.4383
0.5781
0.5781
0.5781
0.5781
0.5781
0.5781
0.5781
0.5781
0.8667
0.8667
0.8667
0.8667
0.8667
0.8667
0.8667
0.8667
1.1113
1.1113
1.1113
1.1113
1.1113
1.1113
1.1113
1.1113
1.1866
1.1866
1.1866
1.1866
1.1866
1.1866
1.1866
1.1866
0.9565
0.9565
0.9565
0.9565
0.9565
0.9565
0.9565
0.9565
0.8185
0.8185
0.8185
0.8185
0.8185
0.8185
0.8185
0.8185
0.6295
0.6295
0.6295
0.6295
0.6295
0.6295
0.6295
0.6295
0.494
0.494
0.494
0.494
0.494
0.494
0.494
0.494
0.3859
0.3859
0.3859
0.3859
0.3859
0.3859
0.3859
0.3859
0.3306
0.3306
0.3306
0.3306
0.3306
0.3306
0.3306
0.3306
0.2913
0.2913
0.2913
0.2913
0.2913
0.2913
0.2913
0.2913
0.2339
0.2339
0.2339
0.2339
0.2339
0.2339
0.2339
0.2339
0.2935
0.2935
0.2935
0.2935
0.2935
0.2935
0.2935
0.2935
0.3004
0.3004
0.3004
0.3004
0.3004
0.3004
0.3004
0.3004
0.2934
0.2934
0.2934
0.2934
0.2934
0.2934
0.2934
0.2934
0.3988
0.3988
0.3988
0.3988
0.3988
0.3988
0.3988
0.3988
0.4956
0.4956
0.4956
0.4956
0.4956
0.4956
0.4956
0.4956
0.3066
0.3066
0.3066
0.3066
0.3066
0.3066
0.3066
0.3066
0.3465
0.3465
0.3465
0.3465
0.3465
0.3465
0.3465
0.3465
0.3089
0.3089
0.3089
0.3089
0.3089
0.3089
0.3089
0.3089
0.2956
0.2956
0.2956
0.2956
0.2956
0.2956
0.2956
0.2956
0.3436
0.3436
0.3436
0.3436
0.3436
0.3436
0.3436
0.3436
0.2699
0.2699
0.2699
0.2699
0.2699
0.2699
0.2699
0.2699
0.2002
0.2002
0.2002
0.2002
0.2002
0.2002
0.2002
0.2002
0.1893
0.1893
0.1893
0.1893
0.1893
0.1893
0.1893
0.1893
0.1425
0.1425
0.1425
0.1425
0.1425
0.1425
0.1425
0.1425
0.1095
0.1095
0.1095
0.1095
0.1095
0.1095
0.1095
0.1095
0.0393
0.0393
0.0393
0.0393
0.0393
0.0393
0.0393
0.0393
0.0539
0.0539
0.0539
0.0539
0.0539
0.0539
0.0539
0.0539
0.0374
0.0374
0.0374
0.0374
0.0374
0.0374
0.0374
0.0374
0.0958
0.0958
0.0958
0.0958
0.0958
0.071
0.071
0.071
0.071
0.071
0.071
0.071
0.071
0.0604
0.0604
0.0604
0.0604
0.0604
0.0604
0.0604
0.0604
0.0933
0.0933
0.0933
0.0933
0.0933
0.0933
0.0933
0.0933
0.1071
0.1071
0.1071
0.1071
0.1071
0.1071
0.1071
0.1071
0.084
0.084
0.084
0.084
0.084
0.084
0.084
0.084
0.0493
0.0493
0.0493
0.0493
0.0493
0.0493
0.0493
0.0493
0.144
0.144
0.144
0.144
0.144
0.144
0.144
0.144
0.2454
0.2454
0.2454
0.2454
0.2454
0.2454
0.2454
0.2454
0.2483
0.2483
0.2483
0.2483
0.2483
0.2483
0.2483
0.2483
0.31
0.31
0.31
0.31
0.31
0.31
0.31
0.31
0.4512
0.4512
0.4512
0.4512
0.4512
0.4512
0.4512
0.4512
0.6659
0.6659
0.6659
0.6659
0.6659
0.6659
0.6659
0.6659
0.7954
0.7954
0.7954
0.7954
0.7954
0.7954
0.7954
0.7954
1.248
1.248
1.248
1.248
1.248
1.248
1.248
1.248
1.3945
1.3945
1.3945
1.3945
1.3945
1.3945
1.3945
1.3945
1.2953
1.2953
1.2953
1.2953
1.2953
1.2953
1.2953
1.2953
1.0222
1.0222
1.0222
1.0222
1.0222
1.0222
1.0222
1.0222
1.2306
1.2306
1.2306
1.2306
1.2306
1.2306
1.2306
1.2306
1.0937
1.0937
1.0937
1.0937
1.0937
1.0937
1.0937
1.0937
0.917
0.917
0.917
0.917
0.917
0.917
0.917
0.917
1.0137
1.0137
1.0137
1.0137
1.0137
1.0137
1.0137
1.0137
1.0814
1.0814
1.0814
1.0814
1.0814
1.0814
1.0814
1.0814
0.9595
0.9595
0.9595
0.9595
0.9595
0.9595
0.9595
0.9595
0.7346
0.7346
0.7346
0.7346
0.7346
0.7346
0.7346
0.7346
0.6046
0.6046
0.6046
0.6046
0.6046
0.6046
0.6046
0.6046
0.4116
0.4116
0.4116
0.4116
0.4116
0.4116
0.4116
0.4116
0.3194
0.3194
0.3194
0.3194
0.3194
0.3194
0.3194
0.3194
0.3359
0.3359
0.3359
0.3359
0.3359
0.3359
0.3359
0.3359
0.3512
0.3512
0.3512
0.3512
0.3512
0.3512
0.3512
0.3512
0.3853
0.3853
0.3853
0.3853
0.3853
0.3853
0.3853
0.3853
0.4181
0.4181
0.4181
0.4181
0.4181
0.4181
0.4181
0.4181
0.4528
0.4528
0.4528
0.4528
0.4528
0.4528
0.4528
0.4528
0.3256
0.3256
0.3256
0.3256
0.3256
0.3256
0.3256
0.3256
0.3303
0.3303
0.3303
0.3303
0.3303
0.3303
0.3303
0.3303
0.2803
0.2803
0.2803
0.2803
0.2803
0.2803
0.2803
0.2803
0.2939
0.2939
0.2939
0.2939
0.2939
0.2939
0.2939
0.2939
0.3298
0.3298
0.3298
0.3298
0.3298
0.3298
0.3298
0.3298
0.2065
0.2065
0.2065
0.2065
0.2065
0.2065
0.2065
0.2065
0.1603
0.1603
0.1603
0.1603
0.1603
0.1603
0.1603
0.1603
0.1234
0.1234
0.1234
0.1234
0.1234
0.1234
0.1234
0.1234
0.1201
0.1201
0.1201
0.1201
0.1201
0.1201
0.1201
0.1201
0.0906
0.0906
0.0906
0.0906
0.0906
0.0906
0.0906
0.0906
0.0845
0.0845
0.0845
0.0845
0.0845
0.0845
0.0845
0.0845
0.0511
0.0511
0.0511
0.0511
0.0511
0.0511
0.0511
0.0511
0.0525
0.0525
0.0525
0.0525
0.0525
0.0525
0.0525
0.0525
0
0
0
0
0
0
0.027
0.027
0.027
0.027
0.027
0.027
0.027
0.027
0.0183
0.0183
0.0183
0.0183
0.0183
0.0183
0.0183
0.0183
0.0422
0.0422
0.0422
0.0422
0.0422
0.0422
0.0422
0.0422
0.0467
0.0467
0.0467
0.0467
0.0467
0.0467
0.0467
0.0467
0.0639
0.0639
0.0639
0.0639
0.0639
0.0639
0.0639
0.0639
0.0406
0.0406
0.0406
0.0406
0.0406
0.0406
0.0406
0.0406
0.0387
0.0387
0.0387
0.0387
0.0387
0.0387
0.0387
0.0387
0.0625
0.0625
0.0625
0.0625
0.0625
0.0625
0.0625
0.0625
0.123
0.123
0.123
0.123
0.123
0.123
0.123
0.123
0.1793
0.1793
0.1793
0.1793
0.1793
0.1793
0.1793
0.1793
0.1778
0.1778
0.1778
0.1778
0.1778
0.1778
0.1778
0.1778
0.1728
0.1728
0.1728
0.1728
0.1728
0.1728
0.1728
0.1728
0.2754
0.2754
0.2754
0.2754
0.2754
0.2754
0.2754
0.2754
0.3843
0.3843
0.3843
0.3843
0.3843
0.3843
0.3843
0.3843
0.5508
0.5508
0.5508
0.5508
0.5508
0.5508
0.5508
0.5508
0.781
0.781
0.781
0.781
0.781
0.781
0.781
0.781
0.8322
0.8322
0.8322
0.8322
0.8322
0.8322
0.8322
0.8322
0.8675
0.8675
0.8675
0.8675
0.8675
0.8675
0.8675
0.8675
0.8985
0.8985
0.8985
0.8985
0.8985
0.8985
0.8985
0.8985
1.3431
1.3431
1.3431
1.3431
1.3431
1.3431
1.3431
1.3431
1.1805
1.1805
1.1805
1.1805
1.1805
1.1805
1.1805
1.1805
1.3002
1.3002
1.3002
1.3002
1.3002
1.3002
1.3002
1.3002
1.3491
1.3491
1.3491
1.3491
1.3491
1.3491
1.3491
1.3491
1.0307
1.0307
1.0307
1.0307
1.0307
1.0307
1.0307
1.0307
0.7199
0.7199
0.7199
0.7199
0.7199
0.7199
0.7199
0.7199
0.904
0.904
0.904
0.904
0.904
0.904
0.904
0.904
1.1138
1.1138
1.1138
1.1138
1.1138
1.1138
1.1138
1.1138
1.0498
1.0498
1.0498
1.0498
1.0498
1.0498
1.0498
1.0498
1.0683
1.0683
1.0683
1.0683
1.0683
1.0683
1.0683
1.0683
0.8845
0.8845
0.8845
0.8845
0.8845
0.8845
0.8845
0.8845
0.7652
0.7652
0.7652
0.7652
0.7652
0.7652
0.7652
0.7652
0.655
0.655
0.655
0.655
0.655
0.655
0.655
0.655
0.4951
0.4951
0.4951
0.4951
0.4951
0.4951
0.4951
0.4951
0.4351
0.4351
0.4351
0.4351
0.4351
0.4351
0.4351
0.4351
0.3927
0.3927
0.3927
0.3927
0.3927
0.3927
0.3927
0.3927
0.3897
0.3897
0.3897
0.3897
0.3897
0.3897
0.3897
0.3897
0.2896
0.2896
0.2896
0.2896
0.2896
0.2896
0.2896
0.2896
0.2067
0.2067
0.2067
0.2067
0.2067
0.2067
0.2067
0.2067
0.1444
0.1444
0.1444
0.1444
0.1444
0.1444
0.1444
0.1444
0.1176
0.1176
0.1176
0.1176
0.1176
0.1176
0.1176
0.1176
0.0661
0.0661
0.0661
0.0661
0.0661
0.0661
0.0661
0.0661
0.0489
0.0489
0.0489
0.0489
0.0489
0.0489
0.0489
0.0489
0.0075
0.0075
0.0075
0.0075
0.0075
0.0075
0.0075
0.0075
0.029
0.029
0.029
0.029
0.029
0.029
0.029
0.029
0.04
0.04
0.04
0.04
0.04
0.04
0.04
0.04
0.0289
0.0289
0.0289
0.0289
0.0289
0.0197
0.0197
0.0197
0.0197
0.0197
0.0197
0.0197
0.0197
0.043
0.043
0.043
0.043
0.043
0.043
0.043
0.043
0.0414
0.0414
0.0414
0.0414
0.0414
0.0414
0.0414
0.0414
0.0474
0.0474
0.0474
0.0474
0.0474
0.0474
0.0474
0.0474
0
0
0
0
0
0
0
0
0.0429
0.0429
0.0429
0.0429
0.0429
0.0429
0.0429
0.0429
0.0733
0.0733
0.0733
0.0733
0.0733
0.0733
0.0733
0.0733
0.0237
0.0237
0.0237
0.0237
0.0237
0.0237
0.0237
0.0237
0.1006
0.1006
0.1006
0.1006
0.1006
0.1006
0.1006
0.1006
0.1204
0.1204
0.1204
0.1204
0.1204
0.1204
0.1204
0.1204
0.1353
0.1353
0.1353
0.1353
0.1353
0.1353
0.1353
0.1353
0.2243
0.2243
0.2243
0.2243
0.2243
0.2243
0.2243
0.2243
0.3566
0.3566
0.3566
0.3566
0.3566
0.3566
0.3566
0.3566
0.4299
0.4299
0.4299
0.4299
0.4299
0.4299
0.4299
0.4299
0.6789
0.6789
0.6789
0.6789
0.6789
0.6789
0.6789
0.6789
0.8711
0.8711
0.8711
0.8711
0.8711
0.8711
0.8711
0.8711
0.859
0.859
0.859
0.859
0.859
0.859
0.859
0.859
0.846
0.846
0.846
0.846
0.846
0.846
0.846
0.846
0.7408
0.7408
0.7408
0.7408
0.7408
0.7408
0.7408
0.7408
0.9044
0.9044
0.9044
0.9044
0.9044
0.9044
0.9044
0.9044
1.1405
1.1405
1.1405
1.1405
1.1405
1.1405
1.1405
1.1405
1.2195
1.2195
1.2195
1.2195
1.2195
1.2195
1.2195
1.2195
1.3514
1.3514
1.3514
1.3514
1.3514
1.3514
1.3514
1.3514
1.141
1.141
1.141
1.141
1.141
1.141
1.141
1.141
0.9413
0.9413
0.9413
0.9413
0.9413
0.9413
0.9413
0.9413
0.9109
0.9109
0.9109
0.9109
0.9109
0.9109
0.9109
0.9109
0.7872
0.7872
0.7872
0.7872
0.7872
0.7872
0.7872
0.7872
0.7357
0.7357
0.7357
0.7357
0.7357
0.7357
0.7357
0.7357
0.5414
0.5414
0.5414
0.5414
0.5414
0.5414
0.5414
0.5414
0.4386
0.4386
0.4386
0.4386
0.4386
0.4386
0.4386
0.4386
0.3668
0.3668
0.3668
0.3668
0.3668
0.3668
0.3668
0.3668
0.3202
0.3202
0.3202
0.3202
0.3202
0.3202
0.3202
0.3202
0.3121
0.3121
0.3121
0.3121
0.3121
0.3121
0.3121
0.3121
0.3001
0.3001
0.3001
0.3001
0.3001
0.3001
0.3001
0.3001
0.2639
0.2639
0.2639
0.2639
0.2639
0.2639
0.2639
0.2639
0.2455
0.2455
0.2455
0.2455
0.2455
0.2455
0.2455
0.2455
0.2478
0.2478
0.2478
0.2478
0.2478
0.2478
0.2478
0.2478
0.2121
0.2121
0.2121
0.2121
0.2121
0.2121
0.2121
0.2121
0.0994
0.0994
0.0994
0.0994
0.0994
0.0994
0.0994
0.0994
0.0484
0.0484
0.0484
0.0484
0.0484
0.0484
0.0484
0.0484
0.0459
0.0459
0.0459
0.0459
0.0459
0.0459
0.0459
0.0459
0.0485
0.0485
0.0485
0.0485
0.0485
0.0485
0.0485
0.0485
0.0384
0.0384
0.0384
0.0384
0.0384
0.0384
0.0384
0.0384
0.0267
0.0267
0.0267
0.0267
0.0267
0.0267
0.0267
0.0267
0.0321
0.0321
0.0321
0.0321
0.0321
0.0321
0.0321
0.0321
0.0112
0.0112
0.0112
0.0112
0.0112
0.0079
0.0079
0.0079
0.0079
0.0079
0.0079
0.0079
0.0079
0.0084
0.0084
0.0084
0.0084
0.0084
0.0084
0.0084
0.0084
0.036
0.036
0.036
0.036
0.036
0.036
0.036
0.036
0.0599
0.0599
0.0599
0.0599
0.0599
0.0599
0.0599
0.0599
0.0569
0.0569
0.0569
0.0569
0.0569
0.0569
0.0569
0.0569
0.0422
0.0422
0.0422
0.0422
0.0422
0.0422
0.0422
0.0422
0.0284
0.0284
0.0284
0.0284
0.0284
0.0284
0.0284
0.0284
0.0169
0.0169
0.0169
0.0169
0.0169
0.0169
0.0169
0.0169
0.0659
0.0659
0.0659
0.0659
0.0659
0.0659
0.0659
0.0659
0.1126
0.1126
0.1126
0.1126
0.1126
0.1126
0.1126
0.1126
0.281
0.281
0.281
0.281
0.281
0.281
0.281
0.281
0.4381
0.4381
0.4381
0.4381
0.4381
0.4381
0.4381
0.4381
0.6224
0.6224
0.6224
0.6224
0.6224
0.6224
0.6224
0.6224
1.028
1.028
1.028
1.028
1.028
1.028
1.028
1.028
1.011
1.011
1.011
1.011
1.011
1.011
1.011
1.011
1.4228
1.4228
1.4228
1.4228
1.4228
1.4228
1.4228
1.4228
1.1664
1.1664
1.1664
1.1664
1.1664
1.1664
1.1664
1.1664
1.1329
1.1329
1.1329
1.1329
1.1329
1.1329
1.1329
1.1329
1.3646
1.3646
1.3646
1.3646
1.3646
1.3646
1.3646
1.3646
1.3409
1.3409
1.3409
1.3409
1.3409
1.3409
1.3409
1.3409
0.9547
0.9547
0.9547
0.9547
0.9547
0.9547
0.9547
0.9547
1.0998
1.0998
1.0998
1.0998
1.0998
1.0998
1.0998
1.0998
1.1931
1.1931
1.1931
1.1931
1.1931
1.1931
1.1931
1.1931
1.1567
1.1567
1.1567
1.1567
1.1567
1.1567
1.1567
1.1567
1.4906
1.4906
1.4906
1.4906
1.4906
1.4906
1.4906
1.4906
1.3264
1.3264
1.3264
1.3264
1.3264
1.3264
1.3264
1.3264
1.1391
1.1391
1.1391
1.1391
1.1391
1.1391
1.1391
1.1391
1.1409
1.1409
1.1409
1.1409
1.1409
1.1409
1.1409
1.1409
1.0982
1.0982
1.0982
1.0982
1.0982
1.0982
1.0982
1.0982
0.9797
0.9797
0.9797
0.9797
0.9797
0.9797
0.9797
0.9797
0.7611
0.7611
0.7611
0.7611
0.7611
0.7611
0.7611
0.7611
0.4312
0.4312
0.4312
0.4312
0.4312
0.4312
0.4312
0.4312
0.4593
0.4593
0.4593
0.4593
0.4593
0.4593
0.4593
0.4593
0.5161
0.5161
0.5161
0.5161
0.5161
0.5161
0.5161
0.5161
0.3782
0.3782
0.3782
0.3782
0.3782
0.3782
0.3782
0.3782
0.3013
0.3013
0.3013
0.3013
0.3013
0.3013
0.3013
0.3013
0.2282
0.2282
0.2282
0.2282
0.2282
0.2282
0.2282
0.2282
0.164
0.164
0.164
0.164
0.164
0.164
0.164
0.164
0.1395
0.1395
0.1395
0.1395
0.1395
0.1395
0.1395
0.1395
0.083
0.083
0.083
0.083
0.083
0.083
0.083
0.083
0.0775
0.0775
0.0775
0.0775
0.0775
0.0775
0.0775
0.0775
0.0355
0.0355
0.0355
0.0355
0.0355
0.0355
0.0355
0.0355
0.0554
0.0554
0.0554
0.0554
0.0554
0.0554
0.0554
0.0554
0.0398
0.0398
0.0398
0.0398
0.0398
0.0398
0.0398
0.0398
0.0505
0.0505
0.0505
0.0505
0.0505
0.0505
0.0505
0.0505
0.0271
0.0271
0.0271
0.0271
0.0271
0.0187
0.0187
0.0187
0.0187
0.0187
0.0187
0.0187
0.0187
0.0285
0.0285
0.0285
0.0285
0.0285
0.0285
0.0285
0.0285
0.0328
0.0328
0.0328
0.0328
0.0328
0.0328
0.0328
0.0328
0.0577
0.0577
0.0577
0.0577
0.0577
0.0577
0.0577
0.0577
0.0455
0.0455
0.0455
0.0455
0.0455
0.0455
0.0455
0.0455
0.0833
0.0833
0.0833
0.0833
0.0833
0.0833
0.0833
0.0833
0.0871
0.0871
0.0871
0.0871
0.0871
0.0871
0.0871
0.0871
0.1434
0.1434
0.1434
0.1434
0.1434
0.1434
0.1434
0.1434
0.1143
0.1143
0.1143
0.1143
0.1143
0.1143
0.1143
0.1143
0.2005
0.2005
0.2005
0.2005
0.2005
0.2005
0.2005
0.2005
0.291
0.291
0.291
0.291
0.291
0.291
0.291
0.291
0.3509
0.3509
0.3509
0.3509
0.3509
0.3509
0.3509
0.3509
0.4033
0.4033
0.4033
0.4033
0.4033
0.4033
0.4033
0.4033
0.5774
0.5774
0.5774
0.5774
0.5774
0.5774
0.5774
0.5774
0.9611
0.9611
0.9611
0.9611
0.9611
0.9611
0.9611
0.9611
1.2697
1.2697
1.2697
1.2697
1.2697
1.2697
1.2697
1.2697
1.4029
1.4029
1.4029
1.4029
1.4029
1.4029
1.4029
1.4029
1.3065
1.3065
1.3065
1.3065
1.3065
1.3065
1.3065
1.3065
1.4481
1.4481
1.4481
1.4481
1.4481
1.4481
1.4481
1.4481
1.2886
1.2886
1.2886
1.2886
1.2886
1.2886
1.2886
1.2886
1.2555
1.2555
1.2555
1.2555
1.2555
1.2555
1.2555
1.2555
1.2158
1.2158
1.2158
1.2158
1.2158
1.2158
1.2158
1.2158
1.1735
1.1735
1.1735
1.1735
1.1735
1.1735
1.1735
1.1735
1.2435
1.2435
1.2435
1.2435
1.2435
1.2435
1.2435
1.2435
1.4399
1.4399
1.4399
1.4399
1.4399
1.4399
1.4399
1.4399
1.1873
1.1873
1.1873
1.1873
1.1873
1.1873
1.1873
1.1873
0.968
0.968
0.968
0.968
0.968
0.968
0.968
0.968
0.7519
0.7519
0.7519
0.7519
0.7519
0.7519
0.7519
0.7519
0.5651
0.5651
0.5651
0.5651
0.5651
0.5651
0.5651
0.5651
0.6219
0.6219
0.6219
0.6219
0.6219
0.6219
0.6219
0.6219
0.4293
0.4293
0.4293
0.4293
0.4293
0.4293
0.4293
0.4293
0.4236
0.4236
0.4236
0.4236
0.4236
0.4236
0.4236
0.4236
0.417
0.417
0.417
0.417
0.417
0.417
0.417
0.417
0.4749
0.4749
0.4749
0.4749
0.4749
0.4749
0.4749
0.4749
0.4624
0.4624
0.4624
0.4624
0.4624
0.4624
0.4624
0.4624
0.3865
0.3865
0.3865
0.3865
0.3865
0.3865
0.3865
0.3865
0.3606
0.3606
0.3606
0.3606
0.3606
0.3606
0.3606
0.3606
0.276
0.276
0.276
0.276
0.276
0.276
0.276
0.276
0.1714
0.1714
0.1714
0.1714
0.1714
0.1714
0.1714
0.1714
0.1326
0.1326
0.1326
0.1326
0.1326
0.1326
0.1326
0.1326
0.1315
0.1315
0.1315
0.1315
0.1315
0.1315
0.1315
0.1315
0.0768
0.0768
0.0768
0.0768
0.0768
0.0768
0.0768
0.0768
0.0093
0.0093
0.0093
0.0093
0.0093
0.0093
0.0093
0.0093
0.0125
0.0125
0.0125
0.0125
0.0125
0.0125
0.0125
0.0125
0.0135
0.0135
0.0135
0.0135
0.0135
0.0135
0.0135
0.0135
0.058
0.058
0.058
0.058
0.058
0.058
0.0099
0.0099
0.0099
0.0099
0.0099
0.0099
0.0099
0.0099
0.0341
0.0341
0.0341
0.0341
0.0341
0.0341
0.0341
0.0341
0.0364
0.0364
0.0364
0.0364
0.0364
0.0364
0.0364
0.0364
0.0532
0.0532
0.0532
0.0532
0.0532
0.0532
0.0532
0.0532
0.0664
0.0664
0.0664
0.0664
0.0664
0.0664
0.0664
0.0664
0.0678
0.0678
0.0678
0.0678
0.0678
0.0678
0.0678
0.0678
0.1096
0.1096
0.1096
0.1096
0.1096
0.1096
0.1096
0.1096
0.14
0.14
0.14
0.14
0.14
0.14
0.14
0.14
0.1861
0.1861
0.1861
0.1861
0.1861
0.1861
0.1861
0.1861
0.2109
0.2109
0.2109
0.2109
0.2109
0.2109
0.2109
0.2109
0.2324
0.2324
0.2324
0.2324
0.2324
0.2324
0.2324
0.2324
0.3621
0.3621
0.3621
0.3621
0.3621
0.3621
0.3621
0.3621
0.6228
0.6228
0.6228
0.6228
0.6228
0.6228
0.6228
0.6228
0.8959
0.8959
0.8959
0.8959
0.8959
0.8959
0.8959
0.8959
1.0403
1.0403
1.0403
1.0403
1.0403
1.0403
1.0403
1.0403
1.1577
1.1577
1.1577
1.1577
1.1577
1.1577
1.1577
1.1577
1.163
1.163
1.163
1.163
1.163
1.163
1.163
1.163
1.0753
1.0753
1.0753
1.0753
1.0753
1.0753
1.0753
1.0753
1.0857
1.0857
1.0857
1.0857
1.0857
1.0857
1.0857
1.0857
0.859
0.859
0.859
0.859
0.859
0.859
0.859
0.859
1.1434
1.1434
1.1434
1.1434
1.1434
1.1434
1.1434
1.1434
1.1632
1.1632
1.1632
1.1632
1.1632
1.1632
1.1632
1.1632
1.2351
1.2351
1.2351
1.2351
1.2351
1.2351
1.2351
1.2351
1.0871
1.0871
1.0871
1.0871
1.0871
1.0871
1.0871
1.0871
1.0905
1.0905
1.0905
1.0905
1.0905
1.0905
1.0905
1.0905
0.9257
0.9257
0.9257
0.9257
0.9257
0.9257
0.9257
0.9257
0.7306
0.7306
0.7306
0.7306
0.7306
0.7306
0.7306
0.7306
0.7726
0.7726
0.7726
0.7726
0.7726
0.7726
0.7726
0.7726
0.6822
0.6822
0.6822
0.6822
0.6822
0.6822
0.6822
0.6822
0.7599
0.7599
0.7599
0.7599
0.7599
0.7599
0.7599
0.7599
0.9402
0.9402
0.9402
0.9402
0.9402
0.9402
0.9402
0.9402
0.8996
0.8996
0.8996
0.8996
0.8996
0.8996
0.8996
0.8996
0.6461
0.6461
0.6461
0.6461
0.6461
0.6461
0.6461
0.6461
0.49
0.49
0.49
0.49
0.49
0.49
0.49
0.49
0.416
0.416
0.416
0.416
0.416
0.416
0.416
0.416
0.3764
0.3764
0.3764
0.3764
0.3764
0.3764
0.3764
0.3764
0.3073
0.3073
0.3073
0.3073
0.3073
0.3073
0.3073
0.3073
0.2044
0.2044
0.2044
0.2044
0.2044
0.2044
0.2044
0.2044
0.1759
0.1759
0.1759
0.1759
0.1759
0.1759
0.1759
0.1759
0.1045
0.1045
0.1045
0.1045
0.1045
0.1045
0.1045
0.1045
0.0855
0.0855
0.0855
0.0855
0.0855
0.0855
0.0855
0.0855
0.0775
0.0775
0.0775
0.0775
0.0775
0.0775
0.0775
0.0775
0.0493
0.0493
0.0493
0.0493
0.0493
0.0493
0.0493
0.0493
0.0469
0.0469
0.0469
0.0469
0.0469
0.0469
0.0469
0.0469
0.0344
0.0344
0.0344
0.0344
0.0344
0.0344
0.0344
0.0344
0
0
0
0
0
0.0094
0.0094
0.0094
0.0094
0.0094
0.0094
0.0094
0.0094
0.0147
0.0147
0.0147
0.0147
0.0147
0.0147
0.0147
0.0147
0.0254
0.0254
0.0254
0.0254
0.0254
0.0254
0.0254
0.0254
0.0427
0.0427
0.0427
0.0427
0.0427
0.0427
0.0427
0.0427
0.0327
0.0327
0.0327
0.0327
0.0327
0.0327
0.0327
0.0327
0.0518
0.0518
0.0518
0.0518
0.0518
0.0518
0.0518
0.0518
0.045
0.045
0.045
0.045
0.045
0.045
0.045
0.045
0.0722
0.0722
0.0722
0.0722
0.0722
0.0722
0.0722
0.0722
0.0785
0.0785
0.0785
0.0785
0.0785
0.0785
0.0785
0.0785
0.1004
0.1004
0.1004
0.1004
0.1004
0.1004
0.1004
0.1004
0.1132
0.1132
0.1132
0.1132
0.1132
0.1132
0.1132
0.1132
0.2273
0.2273
0.2273
0.2273
0.2273
0.2273
0.2273
0.2273
0.2749
0.2749
0.2749
0.2749
0.2749
0.2749
0.2749
0.2749
0.3413
0.3413
0.3413
0.3413
0.3413
0.3413
0.3413
0.3413
0.5193
0.5193
0.5193
0.5193
0.5193
0.5193
0.5193
0.5193
0.837
0.837
0.837
0.837
0.837
0.837
0.837
0.837
1.2765
1.2765
1.2765
1.2765
1.2765
1.2765
1.2765
1.2765
1.505
1.505
1.505
1.505
1.505
1.505
1.505
1.505
1.5195
1.5195
1.5195
1.5195
1.5195
1.5195
1.5195
1.5195
1.5308
1.5308
1.5308
1.5308
1.5308
1.5308
1.5308
1.5308
1.4337
1.4337
1.4337
1.4337
1.4337
1.4337
1.4337
1.4337
1.3655
1.3655
1.3655
1.3655
1.3655
1.3655
1.3655
1.3655
1.2618
1.2618
1.2618
1.2618
1.2618
1.2618
1.2618
1.2618
0.9107
0.9107
0.9107
0.9107
0.9107
0.9107
0.9107
0.9107
0.8543
0.8543
0.8543
0.8543
0.8543
0.8543
0.8543
0.8543
0.7208
0.7208
0.7208
0.7208
0.7208
0.7208
0.7208
0.7208
0.8374
0.8374
0.8374
0.8374
0.8374
0.8374
0.8374
0.8374
0.7227
0.7227
0.7227
0.7227
0.7227
0.7227
0.7227
0.7227
0.7636
0.7636
0.7636
0.7636
0.7636
0.7636
0.7636
0.7636
0.7334
0.7334
0.7334
0.7334
0.7334
0.7334
0.7334
0.7334
0.6196
0.6196
0.6196
0.6196
0.6196
0.6196
0.6196
0.6196
0.6295
0.6295
0.6295
0.6295
0.6295
0.6295
0.6295
0.6295
0.549
0.549
0.549
0.549
0.549
0.549
0.549
0.549
0.5136
0.5136
0.5136
0.5136
0.5136
0.5136
0.5136
0.5136
0.5353
0.5353
0.5353
0.5353
0.5353
0.5353
0.5353
0.5353
0.3537
0.3537
0.3537
0.3537
0.3537
0.3537
0.3537
0.3537
0.2196
0.2196
0.2196
0.2196
0.2196
0.2196
0.2196
0.2196
0.2535
0.2535
0.2535
0.2535
0.2535
0.2535
0.2535
0.2535
0.143
0.143
0.143
0.143
0.143
0.143
0.143
0.143
0.0355
0.0355
0.0355
0.0355
0.0355
0.0355
0.0355
0.0355
0.0635
0.0635
0.0635
0.0635
0.0635
0.0635
0.0635
0.0635
0.0856
0.0856
0.0856
0.0856
0.0856
0.0856
0.0856
0.0856
0.0251
0.0251
0.0251
0.0251
0.0251
0.0251
0.0251
0.0251
0.0486
0.0486
0.0486
0.0486
0.0486
0.0486
0.0486
0.0486
0.0512
0.0512
0.0512
0.0512
0.0512
0.0512
0.0512
0.0512
0.0254
0.0254
0.0254
0.0254
0.0254
0.0302
0.0302
0.0302
0.0302
0.0302
0.0302
0.0302
0.0302
0.0348
0.0348
0.0348
0.0348
0.0348
0.0348
0.0348
0.0348
0.051
0.051
0.051
0.051
0.051
0.051
0.051
0.051
0.0448
0.0448
0.0448
0.0448
0.0448
0.0448
0.0448
0.0448
0.0454
0.0454
0.0454
0.0454
0.0454
0.0454
0.0454
0.0454
0.0349
0.0349
0.0349
0.0349
0.0349
0.0349
0.0349
0.0349
0.0399
0.0399
0.0399
0.0399
0.0399
0.0399
0.0399
0.0399
0.024
0.024
0.024
0.024
0.024
0.024
0.024
0.024
0.0636
0.0636
0.0636
0.0636
0.0636
0.0636
0.0636
0.0636
0.0812
0.0812
0.0812
0.0812
0.0812
0.0812
0.0812
0.0812
0.1212
0.1212
0.1212
0.1212
0.1212
0.1212
0.1212
0.1212
0.1925
0.1925
0.1925
0.1925
0.1925
0.1925
0.1925
0.1925
0.2918
0.2918
0.2918
0.2918
0.2918
0.2918
0.2918
0.2918
0.4301
0.4301
0.4301
0.4301
0.4301
0.4301
0.4301
0.4301
0.5674
0.5674
0.5674
0.5674
0.5674
0.5674
0.5674
0.5674
0.6924
0.6924
0.6924
0.6924
0.6924
0.6924
0.6924
0.6924
0.6527
0.6527
0.6527
0.6527
0.6527
0.6527
0.6527
0.6527
0.6766
0.6766
0.6766
0.6766
0.6766
0.6766
0.6766
0.6766
0.5038
0.5038
0.5038
0.5038
0.5038
0.5038
0.5038
0.5038
0.4381
0.4381
0.4381
0.4381
0.4381
0.4381
0.4381
0.4381
0.3221
0.3221
0.3221
0.3221
0.3221
0.3221
0.3221
0.3221
0.8987
0.8987
0.8987
0.8987
0.8987
0.8987
0.8987
0.8987
0.6569
0.6569
0.6569
0.6569
0.6569
0.6569
0.6569
0.6569
0.7434
0.7434
0.7434
0.7434
0.7434
0.7434
0.7434
0.7434
0.4111
0.4111
0.4111
0.4111
0.4111
0.4111
0.4111
0.4111
0.5543
0.5543
0.5543
0.5543
0.5543
0.5543
0.5543
0.5543
0.4701
0.4701
0.4701
0.4701
0.4701
0.4701
0.4701
0.4701
0.4015
0.4015
0.4015
0.4015
0.4015
0.4015
0.4015
0.4015
0.3669
0.3669
0.3669
0.3669
0.3669
0.3669
0.3669
0.3669
0.5491
0.5491
0.5491
0.5491
0.5491
0.5491
0.5491
0.5491
0.5355
0.5355
0.5355
0.5355
0.5355
0.5355
0.5355
0.5355
0.5726
0.5726
0.5726
0.5726
0.5726
0.5726
0.5726
0.5726
0.6538
0.6538
0.6538
0.6538
0.6538
0.6538
0.6538
0.6538
0.6873
0.6873
0.6873
0.6873
0.6873
0.6873
0.6873
0.6873
0.2502
0.2502
0.2502
0.2502
0.2502
0.2502
0.2502
0.2502
0.3178
0.3178
0.3178
0.3178
0.3178
0.3178
0.3178
0.3178
0.3649
0.3649
0.3649
0.3649
0.3649
0.3649
0.3649
0.3649
0.1851
0.1851
0.1851
0.1851
0.1851
0.1851
0.1851
0.1851
0.1671
0.1671
0.1671
0.1671
0.1671
0.1671
0.1671
0.1671
0.0775
0.0775
0.0775
0.0775
0.0775
0.0775
0.0775
0.0775
0.0868
0.0868
0.0868
0.0868
0.0868
0.0868
0.0868
0.0868
0.1006
0.1006
0.1006
0.1006
0.1006
0.1006
0.1006
0.1006
0.085
0.085
0.085
0.085
0.085
0.085
0.085
0.085
0.0483
0.0483
0.0483
0.0483
0.0483
0.0483
0.0483
0.0483
0.0693
0.0693
0.0693
0.0693
0.0693
0.0693
0.0693
0.0693
0.0538
0.0538
0.0538
0.0538
0.0538
