20000101
20191231
7.18
8.95
7.8
4.68
4
3.97
4.95
7.14
6.19
5.44
5.8
6.54
6.29
4.91
7.19
9.18
9.2
8.44
9.09
6.51
6.29
7.18
7.07
4.97
4.7
3.82
3.58
3.49
3
2.23
2.96
3.98
4.33
5.57
4.85
3.67
4.92
6.08
6.68
8.72
10.18
8
7.23
7.99
6.9
8.47
8.88
10.1
9.64
8.1
8.25
10.42
12.47
12.68
12.63
14.17
10.77
10.13
10.86
12.41
11.55
10.64
9.44
9.48
10.56
13.25
14.42
13.58
12.28
10.32
9.02
9.26
11.19
11.93
14.01
11.21
8.9
9.15
10.19
10.89
11.25
11.61
13.13
13.77
15.14
16.77
16.09
16.16
13.85
13.06
13.1
12.12
13.58
11.98
12.2
14.67
16.84
16.64
13.97
13.35
15.62
15.27
13.06
13.92
14.37
15.71
15.44
15.56
18.45
20.73
18.2
17.56
16.26
18.11
18.96
19.64
18.4
19.25
18.83
18
17.82
17.88
16.65
17
19.02
18.49
20.78
23.05
24
21.97
21.01
23.9
24.04
21.27
20.48
20.7
22
22.28
23.29
20.22
21.41
23.45
25.19
26.63
27.98
25.92
25.03
25.19
24.79
25.22
26.53
27.61
27.63
25.95
24.18
24.75
24.21
23.28
23.59
24.21
24.7
24.03
24.2
25.44
25.87
24.47
24.59
25.19
21.11
22.47
23.51
24.9
23.87
24.56
25.8
26.55
25.58
24.93
24.71
24.56
24.35
25.18
25.92
25.2
26.48
26.86
26.66
26.98
27.62
28.22
28.49
28.71
29.23
29.18
30.15
29.26
29.9
29.9
28
28.91
29.9
30.12
28.04
26.07
25.9
26.19
26.05
27.56
25.08
25.89
26.24
25.87
26.09
26.64
27.38
28.07
28.91
29.36
30.05
30.75
30.52
30.47
31.05
31.02
31.1
30.7
29.72
30.38
30.75
30.98
30.82
30.64
30.71
30.51
30.95
31.08
31.22
31.26
31.98
32.12
31.66
31.5
30.96
30.95
31.74
31.33
31.9
31.82
30.99
30.03
29.32
29.62
29.57
30.72
31.53
30.9
29.74
30.41
28.36
26.29
25.63
25.31
26.79
25.91
25.24
28.58
27.18
18.87
16.94
17.32
18.04
19.07
19.32
19.94
21.16
21.72
23.72
24.84
23.92
20.61
17.56
16.34
15.11
14.68
16.66
18.86
19.87
19.7
19.67
20.32
19.31
19.14
18.48
17.68
17.56
18.29
18.79
19.87
18.77
18.52
19.43
19.75
19.03
19.78
20.05
19.63
17.05
16.46
16.08
16.32
15.5
12.1
8.9
8.89
8.7
8.76
8.57
7.14
6.7
7.23
7.71
6.3
7
6.64
6.16
5.8
7.2
9.06
9.34
8.78
7.9
7.78
7.79
7.76
6.7
6.94
6.26
4.98
4.89
4.79
5.43
4.47
4.75
5.03
6.58
3.76
1.1
1.05
0.72
1.07
1.06
0.19
0.35
0.32
0.63
0.59
0.06
0.87
0.79
0.55
0.49
0.25
0.28
0.05
-0.39
-0.53
0.48
0.73
0.51
1.27
2.13
2.81
3.53
2.83
2.78
2.99
3.59
3.51
4.97
4.37
3.43
3.51
2.43
2.75
1.51
0.47
1.72
2.14
3.56
4.45
3.72
5.57
3.08
3.58
4.26
4.28
3.92
3.04
2.69
3.89
4.73
4.7
6.04
7.31
11.84
5.53
3.62
4.2
5.96
7.64
9.57
3.98
3.17
2.35
3.04
6.4
8.29
6.48
5.28
6.62
9.79
8.27
9.55
8.77
3.4
4.91
6.38
7.27
7.67
7.99
9.12
10.07
8.25
9.03
9.77
10.91
11.78
11.19
11.19
9.02
7.86
8.6
8.43
8.77
9.42
11.23
13.7
14.45
11.01
7.81
8
7.31
7.55
8.82
10.81
11.38
10.52
15.01
18
19.1
19.02
18.83
17.86
18.9
20.28
19.69
17.62
15.59
17.27
17.43
18.79
16.89
14.03
13.52
15.79
18.37
19.43
18.67
17.03
16.65
17.64
18.78
19.43
19.43
19.98
19.47
21.1
22.47
21.68
20.21
20.63
21.37
18.71
19.68
21.52
22.69
22.52
22.7
23.37
24.18
24.7
25.77
25.74
24.61
23.58
23.9
19.52
19.86
22.51
21.7
20.69
22.16
24.56
23.32
22.79
24.18
22.65
22.93
25.11
26.06
26.6
26.56
26.34
26.98
27.28
27.66
27.71
28.25
28.85
28.48
26.17
26.06
27.31
28.3
28
28.68
28.72
27.15
26.9
27.78
28.35
28.6
28.69
27.08
24.91
26.2
26.98
27.36
27.49
28.24
29.67
30.39
31.28
31.84
32.12
32.49
32.75
33.43
34.18
31.93
30.48
31.85
32.61
34.03
34.53
34.36
33.77
34.88
34.98
34.91
34.82
34.96
34.49
34.65
34.8
33.7
34.48
34.67
34.84
34.56
34.03
34.4
34.91
34.08
34.3
34.22
34.87
33.96
32.91
30.02
29.61
28.8
28.99
29.9
28.26
27.56
28.44
29.3
30.14
29.93
28.18
28.92
29.81
27.09
28.4
26.86
26.39
26.36
26.43
26.32
27.52
26.68
26.05
25.62
25.8
26
23.92
22.34
21.7
22.34
24.1
24.22
24.99
22.81
24.1
24.23
21.98
22.45
22.27
22.9
23.57
22.53
19.28
18.62
18.85
19.47
19.96
19.82
19.18
19
19.03
20.25
21.62
18.23
16.22
16.44
18.55
19.45
18.72
17.29
17.19
16.51
16.11
14.91
13.19
13.11
14.87
15.5
17.02
18.42
18.76
19.27
16.39
13.43
13.16
13.03
13.63
14.79
14.49
15.49
17.85
18.32
17.59
17.93
17.23
16.26
15.38
14.4
12.53
12.42
13.96
16.03
16.09
16.43
15.43
15.72
15.17
15.86
11.88
8.75
8.91
10.45
13.18
11.11
10.29
10.71
5.48
4.54
4.82
5.26
6.03
7.82
10.86
14.47
15.16
11.06
9.83
7.99
5.52
5.12
5.45
8.17
7.49
6.77
7.07
9.04
7.79
6.78
5.63
5.08
6.02
7.83
4.01
2.62
2.18
2.04
3.11
3.75
2.54
1.68
1.68
1.42
0.96
-0.16
0.41
2.83
2.64
1.93
3.18
5.2
5.82
4.85
4.46
4.31
4.68
3.93
5.51
4.56
2.83
3.53
3.22
3.44
5.88
7.27
4.89
3.73
4.5
6.04
8.31
8.58
4.89
3.37
2.64
2.54
4.25
4.11
3.81
3.45
4.81
5.15
6.13
4.17
3.16
3.86
4.32
3.69
5.16
5
6.11
7.38
10.18
8.94
8.55
7.65
8.17
9.4
6.49
2.17
2.22
3.29
5.02
1.66
0.54
2.03
3.84
7.47
9.49
12.18
7.6
6.24
8.83
10.04
11.32
13.72
10.59
9.08
10.4
10.67
11.29
11.28
7.72
6.29
8.17
12.3
7.91
8.03
9.86
13.2
14.25
12.34
13.14
14.3
13.79
11.18
11
12.35
11.82
10.48
11.91
14.34
15.21
16.63
15.62
15.85
18.22
19.76
19.55
21.69
21.14
20.08
18.68
18.89
18.18
19.48
20.3
15.88
13.97
16.81
18.03
19.15
21.22
22.91
19.39
17.71
19.95
20.8
23.03
23.5
23.43
20.25
19.1
21.38
19.17
17.91
19
19.8
21.95
18.8
18.14
18.8
19.66
20.26
20.46
20.18
21.3
19.2
22.57
21.1
20.5
22.09
23.49
24.24
24.65
25.32
25.66
25.65
24.15
24.5
24.72
25.54
26.61
26.25
26.77
27.46
24.91
24.47
23.75
23.86
24.05
24.61
25.15
26.36
26.89
26.72
26.05
26.38
27.25
27.25
27.71
27.84
27.83
26.97
24.4
25.2
24.77
25.58
26.02
26.11
26.96
27.52
28.03
28.16
27.66
27.81
26.9
27.52
27.62
27.34
27.64
27.46
28.67
29.09
29.32
29.84
29.38
28.94
28.45
29.92
30.73
29.79
26.47
27.03
28.2
29.26
29.46
29.57
29.95
29.87
30.39
30.6
30.47
30.06
29.55
29.97
29.96
28.02
25.28
26.77
27.84
28.21
29.04
29.49
29.47
30.25
30.63
30.46
30.59
27.85
27.99
25.78
26.39
26.54
26.01
26.12
26.68
27.43
27.65
27.3
27.75
27.81
28.04
25.15
25.17
25.9
25.45
25.51
25.89
25.26
23.08
23.01
24.09
26.21
22.72
21.65
21.72
20.88
20.16
19.91
20.27
21.65
21.77
22.81
23.25
24.06
24.34
25.27
25.21
22.65
20.37
20.94
19.05
17.14
15.98
17.01
17.76
17.62
14.35
13.63
13.44
13.1
13.46
15.28
15.86
14.76
14.84
15.7
15.39
12.21
11.96
11.46
12.6
12.77
12.79
12.3
10.23
9.32
9
10.09
8.51
9.82
9.3
9.86
11.82
14.13
12.57
10.45
10.72
9.45
10.77
10.25
8.89
8.69
9.89
8.75
9.16
9.97
8.67
9.45
10.01
6.92
5.88
4.27
4.85
6.36
6.57
5.31
7.98
5.95
3.93
3.27
3.01
5.04
6.43
6.81
7.22
6.89
7.62
7
5.63
6.5
8.57
8.36
10.16
8.11
6.04
5.3
4.75
4.52
2.98
2.09
3.05
3.22
3.45
6.19
8.18
5.8
4.39
3.74
3.71
4.89
5.37
4.44
3.89
5.32
6.41
4.06
3.5
4.31
4.77
4.9
4.15
2.97
1.75
2.26
3.07
4.7
4.1
2.86
0.82
-0.03
1.8
1.71
1.64
5.64
5.38
4.08
6.17
6.5
9.12
8.45
4.88
3.87
3.46
1.82
2.19
2.82
4.17
4.66
5.68
7.98
12.5
8.35
4.62
4.85
6.66
8.06
7.54
8.08
7.15
4.68
0.8
0.1
0.97
2.16
2.91
4.33
5.04
5.18
8.17
4.28
4.71
7.5
9.86
7.71
7.09
10.35
13.92
14.14
12.63
13.53
15.77
15.7
13.48
13.04
10.54
12.02
11.84
13.65
15.37
13.93
13.02
13.97
10.15
8.99
9.67
12.25
14.32
16.61
16.65
17.7
14.74
16.36
13.34
10.02
11.11
13.16
15.19
16.51
18.33
19.83
17.5
16.15
16.43
19.14
19.89
17.71
17.82
17.23
14.95
17.48
17.48
18.46
20.88
20.77
21.72
22.58
23.1
21.68
21.13
23.77
22.72
23.58
23.73
24.69
25.89
25.95
23.16
23.12
23.28
23.33
23.14
22.83
20.89
22.41
23.68
17.89
18.55
20.32
21.8
23.22
22.86
21.16
21.69
22.68
25.07
26.64
26.08
24.83
24.94
24.25
21.42
21.38
22.61
22.34
22.35
23.51
24.34
25.26
24.3
25.04
23.57
24.93
25.21
25.31
25.52
25.91
26.32
26.15
27.09
28.28
28.55
28.25
23.33
23.48
24.65
25.15
26.12
26.85
27.64
28.13
28.35
28.54
28.1
28.42
28.24
28.83
29.89
29.58
30.57
30.48
31.09
31.61
30.87
31.41
31.72
31.92
32.46
32.12
31.49
30.28
30.06
31.68
32.53
32.13
32.58
32.38
28.56
28.41
29.78
28.65
27.29
28.11
30.51
31.66
31.46
31.96
29.05
28.14
27.85
27.2
26.21
26.71
28.36
29.11
30.25
30.49
31.01
30.81
31.46
31.89
31.38
29.22
29.67
30.54
30.38
31.1
29.69
26.39
25.78
23.73
24.12
25.21
25.35
24.92
24.34
23.58
24.13
25.43
26.13
23.52
22.05
21.18
21.25
20.76
22.16
23.45
21.51
19.97
20.17
20.81
21.49
22.3
22.81
22.57
23.08
21.58
19.84
17.94
18.91
17.07
17.17
18.11
18.23
18.85
19.75
19.75
20.34
21.53
21.29
19.98
18.96
19.47
17.4
15.81
17.25
16.59
16.37
17.63
18.41
18.86
18.97
18.98
19.2
16.11
14.36
14.67
15.09
15.18
17.99
15.82
15.68
18.09
19.6
18.85
13.15
10.84
10.59
11.41
11.74
12.74
16.07
15.14
11.3
10.12
12.12
11.83
14.64
12.43
10.76
10.82
11.56
12.7
9.37
5.78
6.93
7.95
7.28
5.69
5.94
7.81
7.96
8.18
8.43
6.6
5.31
4.4
6.65
9.68
8.34
4.45
3.64
3.78
4.21
4.83
6.83
4.27
3.39
4.42
3.75
4
7.21
9.13
6.24
4.61
5.28
7.96
11.68
8.43
5.3
5.35
6.94
10.05
11.7
12.08
8.11
3.13
0.94
1.35
4.03
3.57
3.37
5.05
6.61
9
8.56
7.94
9.23
9.56
5.73
3.24
3.52
4.64
4.19
4.74
8.22
9.47
5.44
1.99
2.68
4.11
2.07
2.45
4.73
3.19
2.61
3.38
3.77
2.65
1.55
2.17
4.03
3.43
4.06
2.26
1.36
2.69
2.56
3.77
4.64
5.5
8.76
8.58
7.6
8.48
9.57
7.16
5.9
5.99
6.41
7.38
9.21
9.11
8.44
9.04
10.91
10.67
10.46
9.96
9.92
10.65
9.73
10.92
11.02
10.22
11.99
11.21
10.76
12.18
14.89
16.58
17.84
13.78
12.68
13.79
15.17
16.5
17.6
16.96
16.33
15
14.06
13.82
14.76
16.31
16.21
15.85
15.95
15.98
15.54
16.35
16.12
13.31
12.08
12.46
12.28
13.24
16.32
19
19.88
18.51
18.01
19.27
19.09
20.92
19.25
17.79
18.24
19.03
18.89
19.23
19.96
18.37
15.27
16.22
16.96
19.01
19.97
21.5
21.38
22.06
22.05
22.7
22.81
23.27
21.89
17.64
19.03
20.62
22.45
23.46
24.76
25.66
25.21
24.39
26.5
26.41
24.59
25.1
24.31
24.97
24.69
26.08
24.71
25.82
24.12
22.96
23.3
23.58
25.07
23.58
23.33
22.51
22.77
26.52
25.81
26.08
27.15
26.23
26.62
26.84
25.69
24.81
24.81
24.71
23.96
23.74
24.1
24.82
25.12
24.93
25.14
24.65
24.64
24.44
25.63
26.82
27.55
27.2
26.27
26.72
27.57
27.06
26.91
27.11
27.6
27.76
27.87
28.29
28.13
28.11
27.5
27.66
28.33
28.61
28.23
27.98
26.52
23.89
24.43
24.02
22.97
23.24
24.58
25.66
26.54
27.32
27.53
27.65
27.21
25.56
25.4
24.26
25.39
26.05
24.67
23.73
24.35
23.17
22.32
23.96
24.52
24.96
24.04
22.82
22.89
24.99
25.94
27.05
27.2
27.87
28.19
25.7
24.94
23.97
24.43
24.65
25.01
24.49
25.28
26.03
24.89
22.82
21.93
21.84
22.28
23.36
24.39
24.7
25.35
26.29
26.61
27.04
26.44
25.67
24.54
25.38
24.38
23.92
24.37
23.57
23.63
22.73
21.58
22.28
20.75
21.16
18.23
17.48
19.55
19.78
19.3
20.64
21.11
19.37
18.06
17.99
16.98
16.59
15.02
15.91
15.44
15.54
17.67
16.8
16.93
18.58
19.89
18.31
16.88
19.86
20.36
20.12
21.11
21.12
17.35
17.86
18.1
14.57
12.53
11.46
12.07
12.75
13.52
13.69
12.77
12.93
11.14
10.53
10.34
10.8
11.7
13.77
14.92
14.94
14.39
13.06
12.49
12.1
13.33
9.64
8.22
10.47
9.61
8.05
9.22
6.63
5.02
4.88
4.45
4.8
7.45
8.47
8.1
7.97
7.94
7.35
6.68
6.92
5.49
3.03
2.13
4.39
4.31
5.31
4.29
5.1
5.63
2.91
1.05
0.39
0.84
2.19
3.33
5.64
7.26
9.81
9.69
12.47
13.57
9.26
7.13
3.33
0.57
1.57
2.62
5.45
7.29
7.13
8.47
5.69
3.37
2.06
1.24
0.76
1.46
3.3
4.86
6.59
5.21
2.29
3.9
5.93
7.04
6.04
4.73
4.72
4.12
4.42
4.56
4.51
4.52
4.74
5.86
7.76
6.76
5.86
4.24
4.78
6.09
7.44
10.01
9.54
10.61
8.49
7.99
7.46
8.21
11.9
11.26
10.5
9.33
8.52
8
9.1
8.67
8.28
7.03
7.99
9.12
10.66
10.56
11.75
11.84
9.84
9.51
9.11
9.78
11.67
9.62
9.65
8.08
8.44
8.39
10.65
10.09
11.26
13.69
9.78
9.98
11.66
11.21
8.66
9.13
10.83
13.49
14.09
13.17
11.87
12.47
13.53
15.59
16.58
13.81
14.74
15.29
16.78
16.16
15.53
14.77
15.24
16.43
16.46
16.8
17.64
17.54
18.1
19.79
20.47
17.71
16.83
16.57
17.01
16.66
18.27
19.87
15.7
16.46
15.48
13.01
12.74
13.54
15.57
18.04
17.57
19.44
19.96
22.62
23.45
21.35
20.46
21.17
18.97
20.17
21.21
21.77
22.91
24.9
26.13
26.98
25.88
25.76
23.44
22.63
20.22
20.33
22.08
22.23
21.95
23.23
24.43
24.74
25.13
23.31
25.35
26.17
27.06
27.32
25.57
26.38
26.06
25.43
24.91
24.61
26.03
25.64
26.45
26.53
26.3
26.3
26.29
26.81
27.41
27.64
28.14
28.52
28.87
29.16
29.82
28.1
27.15
29.15
27.1
27.2
27.26
26.59
27.12
27.53
28.05
28.91
29.77
29.83
29.42
30.17
30.36
30.27
29.95
30.49
31.16
31.55
31.91
31.84
31.2
31.61
30.65
25.48
25.96
26.38
26.99
27.33
27.7
28.37
28.69
28.92
28.28
27.69
27.87
27.66
27.91
28.08
28.13
28.85
27.63
25.95
25.79
25.35
27.23
27.9
28.05
28.49
27.09
27.96
28.01
28.39
28.27
28.52
26.43
26.83
26.71
26.51
26.29
26.44
27.06
27.1
26.97
26.55
26.46
26.79
26.87
26.62
26.76
25.89
26.21
27.26
25.62
25.03
23.44
23.35
25.86
26.16
26.23
25.89
25.88
26.02
26.27
26.69
26.49
25.9
26.52
24.55
23.66
23.77
24.79
25.1
25.13
24.52
20.46
19.35
18.75
18.58
18.95
19.43
19.27
19.83
19.5
19.71
19.85
20.27
21
21.07
19.58
18.59
18.04
15.21
13.83
14.21
14.95
15.85
15.81
15.94
16.55
15.26
12.5
13.59
14.98
17.29
17.3
15.61
17.2
19.52
17.62
15.35
15.81
18.38
15.82
14.77
14.8
10.97
10.09
10.23
11.41
11.11
10.21
11.5
12.26
12.16
11.31
12.8
14.26
10.83
8.54
7.99
7.9
7.7
9.64
7.53
6.14
5.36
2.98
2.07
0.88
3.02
5.3
6.61
6.53
6.97
4.85
5.06
6.37
6.32
4.43
4.96
5.12
5.34
7.28
8
7.41
7.52
9.24
9.4
8.52
8.7
7.62
9.7
9.4
8.14
9.01
7.7
6.65
7.05
9.37
7.33
6.32
4.92
7.3
6.63
5.71
9.11
8.53
6.25
6.17
9.4
9.57
6.51
7.41
5.69
6.26
6.89
7.62
8.44
10.42
7.53
6.66
6.28
8.94
9.7
9.34
6.74
7.15
6.8
6.16
6.38
6.14
6.69
4.23
3.16
4.26
7.47
9.54
10.81
5.26
2.16
1.59
2.49
3.7
5.07
5.08
7.16
8.78
7.36
9.92
12.26
15.16
13.76
12.92
13.33
14.85
13.94
16.35
17.63
14.03
13.97
14.95
17.35
13.91
11.84
12.31
13.94
10.98
10.69
10.1
10.47
7.98
7.07
6.15
6.99
8.83
10.11
12.61
12.53
12.9
15.67
16.61
17.2
18.32
16.14
15.98
18.34
18.93
15.84
15.09
15.34
17.03
17.63
20.97
21.64
22.08
22.75
22.8
22.38
22.62
20.75
19.88
21.5
21.67
23.75
23.55
18.37
18.24
19.22
19.21
17.85
18.64
18.83
20.87
21.9
21.58
19.37
17.8
18.72
19.68
22.77
20.51
18.24
19.26
21.05
20.7
19.3
19.34
20.22
21.8
23.45
24.82
25.59
25.46
25.79
27.03
27.71
27.71
27.86
27.85
28.33
27.39
24.6
24.57
24.7
23.86
25.65
26.49
27.82
28.06
27.13
27.7
28.49
29.54
27.64
28.71
28.15
28.5
29.42
26.32
26.17
27.31
27.71
28.01
26.93
26.55
27
25.86
24.81
25.26
26.26
26.85
27.49
28.27
29.67
29.93
28.18
28.63
28.32
28
27.49
29.25
30.03
27.86
28.71
29.19
29.44
30.6
31.19
31.77
32.32
32.6
33.14
31.39
28.06
27.41
27.96
29.46
30.24
29.76
28.79
29.15
29.02
29.43
30.12
30.55
30.58
30.89
30.95
31.1
31.2
31.54
32.09
32.58
31.23
32.09
32.33
31.74
30.96
31.71
31.05
31.7
32.25
32.29
31.2
28.81
29.15
30.17
31.48
31.41
27.02
27.01
25.34
25.18
26.17
26.84
25.16
24.55
24.19
24.52
24.01
23.77
23.77
24.36
24.16
24.97
24.42
23.15
22.78
24.14
26.1
22.45
20.75
20.4
20.29
20.52
20.81
21.01
19.46
18.89
19.61
20.73
19.45
18.63
20.95
22.16
23.73
23.89
24.18
23.17
22.44
21.29
20.02
18.96
18.88
17.59
14.38
14.07
16.71
16.4
17.24
17.9
15.72
13.5
13.53
13.66
11.65
11.78
13.2
15.93
17.91
14.37
13.99
13.94
15.26
12.72
11.2
9.76
9.49
12.13
13.54
13.55
13.32
13.87
15.11
14.31
11.04
10.34
11.44
11.59
10.12
8.08
8.47
8.83
7.91
7.68
8.1
9.63
10.44
11.62
11.8
13.11
14.54
15.52
12.28
6.15
5.6
4.82
3.82
2.88
3.9
4.6
3.17
1.69
3.02
5.8
8.44
6.99
6.45
6.75
7.41
10.25
10.83
9.21
8.37
9.81
7.6
5.83
5.29
5.67
5.12
3.96
4.93
7.9
10.37
10.55
7
4.7
3.76
4.71
7.06
7.94
6.93
5.05
4.03
4.95
5.16
9.07
6.53
2.91
2.13
1.24
0.69
0.77
1.45
1.52
1.87
2.53
2.11
1.63
3.02
3.36
4.02
4.33
2.33
2.86
2.29
1.13
1.68
0.91
0.87
1.43
2.34
4.7
5.43
3.97
3.55
3.2
4.01
6.1
4.07
1.32
1.09
0.63
2.97
3.81
6.5
7.98
8.07
8.86
10.69
11.07
8.23
7.93
8.61
11.93
10.38
7.84
6.63
6.08
7.71
8.7
9.19
10.78
13.45
13.27
12.98
14.03
15.43
15.38
14
12.57
12.12
13.68
16.23
16.46
17.12
17.64
18
17.99
17.75
17.48
17.51
17.99
17.7
16.77
16.83
16.78
18.25
19.32
15.21
12.92
10.31
9.96
10.1
9.81
11.36
12.48
12.53
11.2
9.5
11.96
13.29
12.8
15.07
15.69
17.66
18.15
19.17
18.87
18.72
16.58
16.59
15.83
18.15
18.95
20.45
20.54
20.75
20.86
22.47
22.52
23.09
20.82
21.75
22.51
22.46
21.29
24.02
24.37
24.67
23.06
21.97
21.94
21.44
20.28
21.32
20.84
22.06
22.76
21.13
21.47
21.29
21.87
21.57
22.02
21.73
22.3
23.02
23.1
23.69
23.86
24.13
24.28
25.49
24.46
24.83
25.76
26.75
27.04
27.45
24.95
24.35
24.68
24.1
24.26
26.45
25.11
24.42
24.76
25.59
25.87
25.64
24.21
24.48
24.76
24.41
25.48
26.26
26.7
27.25
27.58
27.13
27.62
27.72
28.06
27.78
26.18
27.2
26.33
25.32
26.22
27.39
27.75
27.66
27.4
27.1
27.73
27.39
28.07
26.72
26.78
26.23
26.38
26.7
27.2
27.76
28.02
28.04
27.61
27.87
27.61
27.36
28.15
28.56
28.93
29.48
29.55
28.79
29.31
29.85
29.8
30.25
30.33
30.05
28.76
27.25
26.58
27.61
27.62
27.45
27.56
27.72
27.45
27.33
27.42
27.24
27.23
27.4
27.07
26.06
25.56
25.56
25.07
25.09
26.07
26.3
26.48
25.8
25.51
23.23
21.84
22.53
22.97
22.35
23.78
24.04
23.89
24.55
24.59
24.55
24.64
23.87
24.44
23.85
23.51
24.04
22.81
22.31
22.99
23.17
24.61
23.2
23.96
23.73
23.94
24.45
22.93
20.55
19.72
19.63
19.76
20.73
20.66
19.3
18.65
20.36
17.83
16.69
17.02
19.18
14.74
13.73
14.28
12.9
12.15
12.59
13.44
13.71
14.05
14.85
13.43
14.5
13.92
14.84
15.74
12.27
11.02
11.84
13.25
15.23
17
17.96
16.27
15.17
11.43
11.1
13.29
12.91
14.2
16.46
12.39
8.61
7.49
8.36
8.17
8.25
8.52
9.79
8.11
9.48
11.68
12.58
7.49
7.96
8.72
7.77
9.1
8.54
5.65
4.8
5.15
4.4
4.61
4.82
4.36
2.84
3.15
4.87
4.95
6.05
5.85
5.13
3.46
4.42
3.86
3.51
3.8
3.64
2.73
2.64
2.84
1.97
0.71
0.61
3
6.85
9.71
11.83
9.84
6.39
6.59
5.5
5.32
4.75
4.75
4.91
5.9
2.91
2.06
1.48
1.11
2.74
1.7
0.89
1.11
2.05
3.48
4.03
7.26
7.19
3.58
3.32
2.41
4.71
6.77
10.49
7.94
5.32
4.5
4.54
5.39
4.96
4.7
4.45
4.71
7.29
4.5
3.92
5.31
5.07
6.12
6.05
3.78
3.99
3.32
5.52
7.6
5.76
5.68
7
8.1
9.48
11.99
6.5
6.29
6.65
4.41
3.85
3.24
6.52
8.6
8.82
10.82
12.24
13.08
12.11
12.09
13.32
10.78
10.68
11.34
12.34
11.6
10.68
9.58
12.76
15.34
17.68
12.76
12.9
16.12
18.03
14.31
11.95
14.72
13.75
13.01
15.02
15.64
15.92
11.69
14.58
13.1
12.39
11.9
11.98
13.69
15.63
15.94
14.1
15.63
16.96
20.94
18.97
18.49
20.38
19.9
17.34
15.83
15.91
17.87
19.46
22.23
19.47
16.67
17.09
19.42
19.68
18.68
20.08
20.8
21.13
18
18.2
21.08
18.94
18.4
18.68
19.92
21.44
22.34
22.55
21.61
23.68
24.91
26.33
26.23
26.68
23.86
24.73
24.73
25.51
25.92
25.95
27.01
27.08
27.36
26.83
25.46
26.21
26.18
22.37
22.61
25.3
25.98
26.51
26.35
27.36
26.18
23.29
24.99
26.01
26.29
25.75
26.1
26.2
25.73
26.75
27.48
27.68
26.71
26.26
25.8
26.89
27.85
26.43
26.61
27
27.07
27.01
27.05
26.36
26.64
27.2
27.4
25.82
26.19
26.63
27.03
27.41
27.56
27.78
28.16
29.29
29.74
29.47
29.26
30.67
30.68
30.25
29.74
29.85
30.72
30.47
31.59
31.2
31.6
31.51
32.5
30.44
30.09
30.15
31.31
28.46
26.33
26.7
26.4
26.63
26.05
24.67
23.96
22.68
21.45
23.39
24.74
26.33
26.93
26.88
26.5
26.24
27.38
28.1
28.12
27.93
26.48
26.34
26.38
21.87
23
23.58
24.58
25.54
24.4
22.17
22.42
23.82
25.56
24.19
22.28
20.16
19.28
19.33
19.53
20.12
20.87
21.75
22.41
21.7
22.2
22.06
21.83
21.62
21.35
21.77
20.45
19.79
19.59
20.61
21.82
22.27
20.49
18.24
17.18
18.02
18.97
20.17
20.54
20.66
19.37
18.01
15.41
14.58
15.85
15.98
16.69
17.15
15.01
11.88
12.3
12.53
12.89
10.11
9.42
10.9
14.66
14.31
14.8
14.53
15.5
16.17
14.1
12.38
12.33
13.06
14.3
15.36
16.8
15.03
14.01
11.48
10.23
11.66
11.78
12.69
14.53
11.3
8.01
7.15
8.37
8.37
8.18
8.91
9.98
9.03
9.39
10.4
10.65
7.14
7.99
7.58
6.82
7.94
7.91
7.17
5.58
4.43
4.14
4.89
5.97
6.28
2.99
2.89
4.56
5.34
6.53
5.73
3.86
2.38
3.57
3.8
3.92
6.58
5.88
3.43
3.36
3.94
5.42
4.72
5.83
7.06
4.37
3.14
3
4.34
6.19
7.56
4.92
4.23
5.47
3.93
4.99
3.29
2.17
3.88
5.53
6.79
5.91
5.15
6.29
7.4
5.03
5.53
3.57
2
0.04
0.21
0.36
2.9
4.52
4.02
4.22
3.53
5.36
8.84
11.56
11.56
11.54
10.81
10.15
9.18
10.41
7.63
6.9
7.24
10.27
10.15
7.83
7.7
6.57
6.15
7.52
10.08
11.05
13.22
9.96
6.3
5.59
6
10.63
11.24
14.17
16.49
16.82
15.62
16.09
16.62
10.2
7.96
7.86
9.7
10.88
13.19
15.35
17.31
12.83
14
14.09
15.14
16.11
15.67
11.1
11.99
10.28
6.98
10.33
13.01
11.02
11.47
10.34
11.58
14.11
11.27
8.51
9.56
13.34
15.95
14.56
13.96
12.92
12.45
14.07
14.3
15.37
14.93
16.68
14.21
15.36
17.24
18.65
19.54
18.82
20.99
20.56
20.26
19.18
18.3
19.61
21.46
16.54
16.69
16.29
16.23
19.59
20.47
23.38
21.29
18.8
17.29
17.91
21.27
21.86
22.95
21.48
20.65
20.33
20.68
20.97
21.41
23.65
24.01
24.25
24.74
24.17
22.48
22.65
23.3
24.05
24.61
25.04
24.88
23.28
23.88
24.04
24.72
25.3
25.88
26.32
24.72
24.81
26.7
27.03
26.68
27.09
27.38
27.6
27.93
28.15
28.53
29.3
29.89
30.12
30.45
30.76
30.78
31.29
30.62
27.91
29.36
30.27
30.67
31.02
30.33
28.84
27.43
27.49
28
29.63
31.23
31.65
32.2
32.89
32.75
33.26
31.78
29.15
27.96
28.19
29.16
29.67
28.54
29.09
30
31.21
29.06
26.58
27.87
27.8
27.5
27.12
28.04
28.49
27.89
28.34
28.17
27.71
28.54
28.42
28.64
29.06
27.96
27.72
26.85
27.5
28.1
29.11
29.83
28.32
27.37
27.36
26.53
27.16
27.3
28.57
29.64
30.12
27.41
26.87
25.95
25.62
24.9
25.12
26.26
24.4
25.23
25.75
26.95
27.54
27.88
28.46
27.26
26.03
24.82
24.28
23.35
23.99
23.55
23.06
23.55
23.43
23.6
23.98
22.28
20.21
18.83
19.08
20.81
21.54
21.28
19.23
20.08
21.85
18.51
17.85
18.11
17.79
18.7
16.69
18.43
15.56
14.89
14.45
15.49
16.67
16.72
16.2
15.85
15.14
14.25
16.25
17.55
17.36
15.54
13.66
13.46
14.97
14.23
13.62
13.54
15.53
13.12
12.88
13.23
13.77
14.09
14.26
14.54
15.44
15.72
15.88
16.6
15.86
15.79
15.18
15.69
15.94
15.11
12.03
10.47
9.94
10.72
12.77
13.07
11.88
11.43
10.53
9.47
9.08
9.28
10.7
10.78
8.95
7.81
7.67
6.04
4.41
3.99
5.1
4.85
4.91
2.39
0.98
1.14
3.64
6.55
6.33
3.41
2.81
3.92
4.56
4.31
3.65
4.9
7.09
8.38
4.57
3.44
3.12
2.68
2.09
1.92
2.56
2.65
1.57
1.52
1.61
1.36
1.15
1.28
0.28
-0.48
-0.83
-1.05
-0.22
-0.09
0.98
4.37
5.05
5.73
5.71
6.11
6.61
6.96
7.12
7.4
8.66
6.32
4.68
4.07
7.74
4.34
2.35
2.23
2.37
2.51
2.91
3.28
4.24
5.9
4
4.31
4.11
1.42
1.28
1.97
3.31
5.11
2.42
1.55
1.74
2.63
4.27
5.93
6.55
5.51
3.57
3.87
3.71
4.54
3.99
5.32
6.08
5.31
5.38
5.7
3.37
8.74
9.94
10.18
9.79
10.5
9.66
9.34
8.96
9.39
9.24
9.8
9.98
9.36
9.79
10.97
6.46
4.37
6.65
9.27
11.06
10.88
9.85
9.8
9.91
10.94
12.39
14.71
16.13
16.42
13.99
15.99
17.53
18.29
15.01
13.6
13.48
15.02
16.95
17.56
17.01
17.16
17.44
17.42
15.07
13.98
14.48
14.68
16.72
17.4
18.53
17.37
16.79
15.53
15.27
15.23
17.83
19
17.47
17.62
16.67
16.96
19.34
19.93
20.61
18.45
16.75
17.75
19.46
20.55
18.52
16.25
17.77
19.64
20.49
20.96
20.95
21.92
22.08
22.88
23.37
23.48
23.63
24.15
24.72
29.13
26.78
27.1
26.8
27.76
27.63
27.11
28.05
28.69
29.15
28.2
29.54
28.98
27.32
28.61
28.99
29.39
24.67
25.36
27.43
27.95
28.5
29.15
29.61
29.29
30.1
30.26
30.88
30.17
30.78
28.53
27.47
27.87
27.68
27.85
27.46
25.41
25.93
27.56
28.39
27.93
26.65
25.58
26.7
28.44
26.3
29.01
29.5
29.68
30.13
30.51
30.41
30.36
30.56
30.61
30.32
30.72
30.88
31.18
28.32
27.41
27.6
27.73
27.76
28.62
29.37
29.1
29.22
29.45
29.88
29.87
30.35
30.32
30.27
30.41
30.7
31.02
31.13
31.46
31.46
31.34
30.88
30.84
30.38
31.27
31.41
31.78
31.82
28.92
27.25
27.17
27.15
27.3
28.4
29.07
29.33
27.84
27.04
24.87
23.06
23.34
25.47
25.81
24.77
25.11
26.69
27.05
26.14
26.3
26.69
26.52
26.74
26.47
26.37
26.36
25.92
25.48
25.46
25.2
25.83
25.05
23.52
21.05
21.1
21.28
21.48
21
20.28
18.85
17.42
17.53
18.17
19.23
19.39
19.38
19.79
19.31
19.31
19.25
17.5
17.99
18.03
17.81
18.46
19.58
18.64
18.5
18.25
18.58
18.15
17.52
17.02
16.11
14.82
13.8
14.36
15.31
15.14
14.98
14.62
13.67
12.21
11.37
12.36
13.61
14.83
15.23
15.92
15.9
13.05
11.56
12.17
11.97
11.4
10.51
10.24
12.01
14.69
15.93
13.31
15.49
11.46
8.54
8.38
9.22
11.02
8.26
7.21
7.65
8.48
9.17
7.27
6.05
5.97
7.23
7.15
7.47
8.06
5.35
4.43
5.35
6.97
7
6.79
6.21
6.19
8.4
8.79
7.32
6.33
6.79
5.19
3.61
3.52
4.52
7.41
10.15
8.32
4.8
2.74
4.29
5.1
4.58
5.65
6.47
5.3
4.64
3.96
1.81
0.98
0.75
2.27
3.77
4.75
5.14
5.59
4.6
3.7
1.86
3.28
3.7
4.18
4.38
4.02
4.99
7.24
7.62
6.39
6.46
3.13
2.62
2.45
2.35
2.13
2.22
3.12
3.02
1.02
0.25
0.41
2.39
4.23
5.04
7.02
8.64
11.75
11.84
12.99
13.85
11.82
9.15
11.71
13.3
8.9
9
13.09
11.21
9.63
10.32
11.05
11.92
9.56
8.4
9.38
10.86
10.12
9.97
10.42
12.23
12.39
10.47
9.73
12.13
15.51
16.15
15.69
16.8
16.66
17.23
15.79
14.42
16.02
14.74
11.99
11.52
11.4
10.91
11.65
13.71
15.11
18.58
15.96
13.99
16.4
22.57
22.8
23.83
23.44
20.25
19.9
20.58
22.37
16.03
17.57
18.66
23.95
24.37
18.34
17.38
23.56
18.03
15.14
17.48
16.66
14.65
16.74
18.25
19.75
12.46
12.46
15.16
17.11
18.1
19.45
23.05
24.43
25.36
23.21
20.25
21.5
19.06
18.34
18.53
19.49
20.17
21.88
22.89
20.08
23.02
25.47
24.59
23.5
21.91
22
23.92
26.8
27.23
26.33
26.74
27.29
27.27
27.62
27.63
27.93
28.81
29.5
29.66
29.77
29.27
29.48
30.24
30.97
30.34
28.73
29.73
31.3
32.18
31.91
32.12
30.75
30.86
31.47
32.82
33.46
33.91
34.28
33.28
33.85
29.16
32.82
32.65
33.1
32.89
33.14
33.51
34.06
35.17
34.9
35.2
34.55
33.26
31.46
31.25
32.17
32.85
33.05
33.58
33.68
31.63
35.98
35.62
36.03
36.61
34.4
35.32
37.4
37.01
35.4
36.18
36.9
37.23
37.55
38.03
38.42
38.6
38.49
35.1
37.81
37.47
34.25
27.43
29.92
28.68
29.98
30.2
30.62
30.49
31.53
31.09
32.24
29.87
32.45
33.87
30.43
30.99
30.5
31.11
31.15
30.33
29.87
30.39
30.78
30.56
31.31
29.3
27.67
27.42
26.55
27.44
27.14
27.41
28.19
28.06
29.53
29.26
24.68
21.39
23.37
24.34
23.37
23.04
23.74
20.86
20.38
22.01
21.98
21.82
22.74
23.21
23.78
22.44
21.87
21.65
21.95
22.41
21.6
25.87
24.45
21.83
19.32
20.88
20.09
21.36
19.09
19.53
20.28
20.48
19.98
16.9
14.01
13.8
15.03
13.47
18.82
18.36
18.76
18.42
14.23
13.95
12.96
13.83
14.11
15.29
14.56
10.95
10.99
11.65
14.79
17.08
15.36
12.06
11.27
10.93
11.41
13.24
13.81
14.42
11.57
9.68
9.83
13.81
11.02
9.71
9.88
10.57
10.61
11.92
11.27
7.08
6.94
7.27
7.14
8
7.69
9.34
7.79
5.25
3.46
2.9
4.04
4.35
4.47
4.17
5.45
7.2
10.97
8.46
6.6
6.12
6.97
8.59
7.42
6.21
5.72
4.78
3.87
4.23
6
5.36
5.06
5.84
7.08
6.82
6.29
4.86
4.26
5.42
5.46
6.33
6.83
7.12
6
6.1
5.62
2.42
2.65
4.11
4.44
9
6.42
3.61
4.99
5.49
4.38
6.09
6.49
6.4
7.41
6.64
6.65
5.86
5.05
6.71
10.41
9.38
9.22
12.11
8.32
6.78
7.09
8.26
6.21
4.82
5.33
2.41
1.65
2.48
3.69
7.54
8.13
8.56
8.16
8.06
7.63
6.95
8.43
9.4
7.82
7.17
8.36
9.8
11.34
11.33
10.57
11.12
9.59
9.43
10.77
11.8
13.8
10.74
9.49
9.08
9.84
12.24
13.92
16.06
17.24
17.36
17.7
17.24
15.64
15
14.56
13.52
14.36
16.18
17.65
18.16
18.1
18.39
19.72
20.28
21.4
21.78
21.97
18.39
17.98
17.79
18.27
18.13
17.71
18.61
19.86
19.94
18.85
19.09
20.14
19.62
18.94
19.37
20.08
20.43
19.09
18.77
18.13
18.35
19.51
21.91
22.11
22.94
22.53
22.18
22.88
23.26
23.69
24.75
24.21
24.96
25.08
22.43
22.12
22.4
22.78
19.93
20.26
21.67
21.8
22.66
23.52
23.64
23.75
24.02
21.61
23.42
24.05
24.45
25.64
26.59
26.02
25.13
26.31
26.96
26.27
25.48
23.32
24.72
26.53
27.31
26.99
24.26
23.7
24.82
25.41
26.29
27.28
26.27
25.16
26.85
27.12
27.44
27.28
27.4
27.29
27.25
26.33
27.97
28.42
28.74
29.34
30.17
30.62
30.22
31.06
31.6
31.31
31.05
32.1
32.62
33.02
33.36
32.68
31.64
29.54
29.03
30.12
29.85
30.44
31.22
31.23
31.69
32.38
33.28
34.43
35.14
35.28
35.47
35.34
35.27
35.72
35.27
34.88
35.3
36.04
36.72
37
37.92
37.95
37.94
37.94
37.71
37.6
35.13
33.73
33.5
33.12
32.63
34.58
34.08
31.89
34.15
30.28
28.51
26.04
26.16
26.97
27.38
26.74
25.76
26.42
28.01
27.58
28.37
28.52
27.32
27.63
28.81
29.38
29.73
30.34
30.53
30.89
31.03
30.21
27.44
27.29
27.75
27.49
29.02
25.11
22.12
22.08
22.72
24.72
25.28
24.46
26.17
27.22
27.54
26.91
26.95
28.52
25.8
23.63
23.78
23.34
22.67
21.74
21.51
20.8
19.85
18.47
15.49
15.05
14.61
16.32
16.78
18.71
20.69
20.72
19.4
18.88
19.24
19.94
17.25
16.57
17.63
20.93
21.12
21.25
20.87
19.22
15.69
14.41
14.09
14.28
15.31
16.46
16.95
17.82
17.59
16.44
16.38
15.58
15.74
16.54
18.89
19.23
15.85
11.36
10.69
10.54
10.59
11.22
10.56
11.62
13.78
14.12
13.93
15.33
12.95
10.19
11.28
10.53
9.52
9.52
11.28
12.6
14.66
14.23
16.37
14.2
12.08
12.81
12.37
12.49
10.6
7.33
6.15
6.32
8.54
9.7
9.43
9.67
8.58
8.22
9.72
7.19
5.68
6.65
7.59
6.06
4.16
2.02
2.15
2.66
1.8
1.51
3.58
2.9
3.08
2.76
2.62
4.46
3.72
3
4.63
7.2
9.24
9.28
6.65
2.16
1.99
1.22
1.59
3.56
4.03
5.48
6.36
5.21
4.55
6.67
7.34
5.78
5.68
8.61
12.4
13.11
7.78
6.08
5.22
6.18
6.97
9.62
9.38
10.13
11.33
9
7.12
9.32
8.31
6.42
7.11
7.77
6.8
6.32
7.06
9.13
7.7
5.35
4.75
3.82
4.41
5.8
5.61
5.57
5.12
4.67
4.43
5.12
6.49
9.74
7.38
6.76
8.17
9.54
11.33
7.79
7.05
7.95
9.11
10.53
12.53
14.84
11.02
11.07
10.03
11.43
10.39
9.68
9.05
7.72
6.53
7.93
9.34
12.3
14.36
16.49
16.54
15.29
9.08
7.67
8.92
10.51
13.65
14.4
17.52
17.97
8.4
9.69
12.29
13.77
15.83
18.98
15.76
17.04
11.32
10.41
12.19
14.26
15.54
10.32
10.59
13.04
14.62
15.51
17.05
18.88
19.66
20.26
10.79
10.77
10.78
12.4
15.83
19.03
19.17
18.73
19.34
18.77
17.92
19.21
21.28
19.52
19.14
21.01
24.03
23.4
22.42
18.62
21.39
22.23
22.83
22.08
23.06
23.41
23.12
22.35
22.6
24.6
24.42
22.66
23.06
24.81
25.18
23.91
24.04
22.96
25.58
26.29
26.39
26.96
28.77
28.76
27.06
28.37
27.13
27.53
26.02
27.5
28.05
28.65
29.08
29.01
29.44
30.74
31.98
31.75
30.63
29.56
28.05
27.72
28.91
29.3
29.13
30.46
31.51
31.99
32.8
32.71
32.82
30.84
31.29
24.74
23.2
25.98
27.06
28.06
28.51
28.71
28.63
28.8
29.69
28.46
27.95
26.06
27.27
27.41
27.22
28.17
29.49
29.54
29.09
28.9
29.63
30.32
31.06
31.51
30.17
29.53
28.65
29.51
30.58
27.66
27.47
26.55
26.35
26.26
25.82
25.91
26.64
27.01
27.77
28.52
28.81
29.37
29.17
27.94
28.32
29.31
29.94
30.25
29.89
30.09
28.9
29.25
29.77
30.04
30.44
30.36
29.81
29.6
29.34
29.2
28.2
26.12
26.61
27.99
26.84
26.5
26.3
24.03
22.64
23.03
23.32
24.23
24.69
25.82
26.05
23.26
21.24
21.27
22.12
23.61
24.57
24.55
20.19
17.97
18.25
18.23
19.15
19.91
21.76
22.06
21.55
20.61
18.86
16.43
15.74
14.54
13.36
13.77
14.54
14.23
15.17
14.94
13.74
14.4
16.06
16.1
18.71
19.63
17.91
15.27
13.85
11.95
13.48
15.27
13.34
11.79
11.31
12.66
13.87
14.32
10.88
7.5
7.3
10.24
13.87
15.7
12.78
12.1
11.4
12.72
6.8
6.1
4.08
3.95
5.24
3.96
4.34
5
7
8.32
8.78
9.57
8.2
4.4
3.09
3.13
3.3
2.94
2.1
2.04
1.66
4.52
4.64
3.81
4.93
5.42
5.84
8.9
6.88
3.91
3.38
1.54
2.87
3.08
2.94
3.58
4.75
3.77
1.92
2.34
3.64
1.96
1.84
3.87
1.87
-0.16
-0.01
1.06
2.54
4.81
4.34
5.36
6.21
4.53
4.16
4.99
4.92
5.27
5.05
5.76
4.61
3.66
2.62
0.89
3.91
5.57
3.47
2.08
1.41
3.11
4.74
4.56
2.9
2.35
2.22
0.87
-0.15
-0.07
0.39
1.08
0.35
0.58
2.66
3.37
5.16
4.74
6.5
8.75
6.92
8.11
9.86
7.04
8.02
8.28
6.78
6.6
5.3
5.29
8.2
7.91
3.11
0.61
3.06
4.41
6.19
6.67
5.69
7.59
8.64
11.44
10.08
8.97
11.06
10.7
8.05
7.61
9.83
9.75
9.72
11.78
10.1
9.54
9.96
10.53
8
12.64
11.05
12.05
12.9
15.43
14.67
16.89
19.21
15.34
14.03
11.98
14.11
13.3
14.33
16.89
18.09
19.3
18.99
12.68
13.02
13.95
13.74
16
16.75
16.28
18.23
19.21
19.17
19.62
18
19.94
21.37
19.42
17.34
17.47
17.45
18.61
19.41
20.98
22.48
23.72
23.93
23.26
24.32
23.82
24.86
21.56
19.96
19.71
19.08
20.63
21.8
22.46
24.02
25.36
26.55
27.08
25
24.01
24.46
24.07
23.53
24.8
25.73
25.42
25.95
26.28
27.58
28.06
29.16
29.25
26.95
26.58
23.31
23.78
23.64
25.56
25.72
26.08
26.44
27
27.03
27.4
27.9
26.36
27.48
27.75
27.13
26.75
27.56
27.82
26.91
26.78
27.11
28.09
28.7
28.86
27.87
27.38
27.68
28.77
29.18
29.74
30.1
28.47
29.02
28.61
28.77
29.05
28.36
27.42
24.49
22.73
22.89
24.77
26.39
28.4
29.63
30.01
30.36
30.52
31.31
31.55
29.38
29.73
26.3
25.5
26.44
26.51
26.82
27.28
27.22
27.75
28.88
29.35
30.37
30.04
30.54
29.6
29.89
30.01
31.26
29.91
31.19
31.83
32.02
32.16
32.72
32.91
32.27
32.71
33.2
33.06
32.65
31.63
28.13
29.37
30.24
31.57
30.73
31.7
32.14
32.74
25.59
26.2
27.37
28.48
28.89
25.43
21.17
19.39
21.84
23.49
26.03
26.71
25.66
26.14
26.88
26.88
25.63
24.7
25.06
24.81
24.92
25.44
25.29
26.15
26.09
27.66
27.2
23.32
21.86
22.99
23.22
24.31
24.57
25.3
23.01
17.63
18.94
17.39
15.96
17.15
17.62
18.54
18.26
17.98
19.97
20.78
20.1
20.79
20.63
21.5
21.31
21.39
19.5
17.69
17.6
16.32
13.94
14.2
15.7
13.59
12.81
12.26
11.5
12.52
11.51
13.97
9.81
5.46
5.2
5.28
5.92
5.36
4.34
3.41
5.45
6.81
10.62
12.66
12.5
8.54
7.5
7.18
6.35
7.78
10.51
11.64
5.17
5.05
6.1
9.02
12.06
10.29
9.16
10.42
9.02
8.21
9.86
10.06
11.78
13.11
9.45
6.71
5.54
6.35
6.88
6.69
7.04
8.57
6.89
5.97
4.78
7.7
4.68
3.67
3.4
1.96
0.57
0.89
2.4
3.61
1.2
0.06
1.34
0.44
-0.66
-0.74
-0.77
-0.04
1.3
1.07
0.92
2.98
3.15
4.06
4.37
5.6
5.95
5.19
4.58
4.79
4.94
5.94
6.04
8.16
8.7
8.54
6.83
6.45
6.08
2.84
3.86
3.88
3.17
4.11
6.81
8.41
9.48
9.12
8.03
6.45
6.89
8.35
7.21
4.5
4.52
4.74
4.46
5.36
7.32
4.42
1.76
3.38
5.4
3.81
1
1.85
2.23
2.85
5.45
3.84
2.83
3.53
5.82
8.17
8.34
9.97
10.99
11.84
10.85
11.53
12.63
13.16
13.12
12.8
12.15
11.46
11.81
14.46
14.93
16.37
15.43
12.49
12.02
14.22
15.66
15.96
19.32
19.01
20.57
18.35
15.69
13.81
16.96
20.2
20.1
20.52
18.01
17.36
19.59
17.16
14.33
17.41
17.71
18.87
19.48
18.13
16.66
17.63
17.53
16.86
18.07
19.57
19.63
15.82
14.68
16.86
18.51
19.42
20.17
20.12
21.28
19.81
19.92
20.2
20.16
19.64
20.75
19.79
19.02
17.74
20.9
22.44
21.96
23.16
24.25
22.23
20.25
19.98
17.69
18.39
19.06
20
21.16
22.05
22.71
22.64
21.93
21.22
22.44
24.73
25.68
26.61
27.47
28.05
27.83
28.37
28.98
29.4
29.33
29.75
25.71
26.7
26.21
26.36
24.61
25.8
28.07
28.55
27.54
27.97
28.8
29.22
29.68
29.72
29.84
29.23
29.82
30.23
30.88
30
28.39
29.19
29.1
28.64
26.32
25.42
25.87
27.25
27.98
28.34
29.01
29.59
29.44
29.15
29.43
29.85
30.17
30.36
28.01
27.99
29.62
29.68
29.49
29.27
29.19
29.02
28.86
29.35
28.95
28.4
27.38
26.82
26.93
28.51
29.42
29.65
29.18
29.27
28.35
29.06
27.75
26.88
25.63
26.15
26.04
26.62
27.28
23.81
22.62
25.32
27.67
27.55
28.09
28.88
29.77
29.36
27.51
28.93
29.56
29.15
29.27
29.33
29.47
29.62
29.76
30.84
31.33
31.13
28.6
27.85
26.79
26.41
26.15
25.32
25.63
27.41
28.18
28.28
25.42
21.99
24.58
26.04
25.55
25.21
25.63
24.74
24.45
24.61
24.54
24.97
22.66
21.32
21.05
21.39
19.99
20.86
22.04
22.71
21.22
20.52
22.03
22.18
21.04
21.36
22.4
20.94
19.61
19.33
19.31
20.81
22.16
20.8
21.25
18.64
16.7
15.85
17.2
16.49
15.62
14.27
15.1
14.86
15.94
17.07
17.68
18.68
15.76
14.46
13.39
13.14
14.23
16.25
12.51
11.72
11.02
12.15
13.91
14.64
11.01
10.34
10.95
8.83
6.51
7.4
9.14
13.31
14.44
5.66
3.95
4.86
6.18
5.37
5.46
6.32
6.43
6.42
6.94
6.56
7.32
8.53
9.34
9.2
13.54
12.44
9.3
8.72
6.19
4.85
4.46
5.12
8.15
8.73
7.75
9.8
7.67
7.75
10.74
3.74
2.06
1.83
4.38
4.74
3.64
2.85
3.06
3.14
2.59
4.03
6.26
4.85
3.51
2.61
3.03
3.9
4.28
5.39
5.85
4.48
3.23
1.91
2.85
3.18
2.93
1.89
3.03
4.52
6.29
4.29
4.22
5.42
6.51
7.84
8.8
8.25
7.83
4.3
3.91
4.55
6.73
5.87
4.63
4.06
5.37
7.3
7.48
6.92
8.52
8.98
8.78
8.43
10.84
13.55
15.15
12.75
11.06
8.03
7.36
6.67
6.59
8.87
11.66
11.7
11.96
9.63
11.09
10.48
11.97
11.78
13.83
14.32
13.65
14.04
13.18
14.07
14.7
14.89
14.18
13.11
13.3
11.65
9.77
9.34
10.25
13.5
16.89
13.94
13
15.85
13.69
13.65
15.81
18.06
16.23
14.12
14.65
16.07
18.15
18.88
19.24
18.35
18.17
16.26
19.34
16.83
15.87
16.46
16.53
17.34
18.59
17.71
18.44
19.32
19.76
20.22
20.59
20.05
19.58
22.07
21.11
20.63
19.93
18.97
20.55
18.74
17.08
18.26
20.13
20.93
21.34
21.12
20.31
22
23.73
24.83
23.77
22.52
20.61
18.76
19.84
19.03
17.59
16.75
20.28
22.26
23.69
22.55
25.09
26.62
25.79
24.33
24.96
26.59
25.93
25.44
24.05
24.04
23.64
25.01
24.91
25.15
25.85
26.67
26.62
27.4
27.7
25.37
25.79
27.37
29.59
30.13
30.26
29.21
29.06
28.83
29.08
29.68
30.23
29.79
29.36
29.28
28.76
29.03
28.51
30.2
29.86
31.44
31.9
32.2
32.57
33.33
33.48
30.99
30.06
30.23
30.28
31.41
32.45
30.98
28.62
30.32
30.39
31.01
31.22
31.86
32.43
32.73
32.83
33.34
33.28
30.36
30.85
31.41
28.9
30.23
31.38
32.17
32.36
32.55
32.31
32.4
32.43
32.75
32.09
33.36
33.86
34.09
32.79
32.1
30.72
31.38
31.01
31.8
30.59
29.63
27.14
26.16
25.61
27.31
28.83
30.13
30.4
30.3
30.37
31.31
32.04
30.68
28.65
26.62
26.28
27.63
29.6
30.28
30.93
31.59
31.12
27.12
25.03
26.39
28.07
26.24
25.77
26.37
25.69
25.61
27.69
28.12
27.73
26.64
26.17
26.58
24.37
22.84
21.87
22.33
21.37
21.05
21.4
21.72
21.73
22.58
24.22
24.89
20.98
19.68
19.79
19.96
20.22
20.94
18.25
19.79
21.99
23.21
23.92
23.37
23.33
21.08
18.79
18.61
19.22
20.19
21.07
21.57
21.71
21.91
21.75
21.13
20.92
21.94
22.55
20.26
18.87
19.48
18.2
18.29
17.98
16.92
15.17
16.03
14.48
13.98
14.49
14.65
14.97
15.7
13.43
9.87
9.23
10.74
14.42
12.56
11.19
10.85
9.84
12.05
12.99
10.91
9.05
8.27
8.99
9.4
9.31
7.56
7.83
5.85
3.59
2.71
4.23
7.93
6.22
5.43
3.86
2.23
6.4
4.82
-0.11
-0.49
0.85
3.06
3.28
4.32
6.04
11.68
9.91
7.06
8.17
6.71
4.88
6.6
7.24
10.68
6.63
3.87
1.9
1.6
1.42
1.23
3.01
7.36
8.01
7.57
4.72
3.82
4.4
6.27
6.25
7.6
9.16
8.56
7.84
8.54
7.05
8.09
6.77
4.35
3.7
3.94
5.54
6.87
7.51
7.34
4.66
4.76
4.75
6.28
10.6
10.89
8.08
6.41
9.1
13.06
11.64
9.63
7.05
6.99
7.73
9.32
11.62
12.98
13.37
12.29
12.12
13.82
9.82
7.04
7.61
11.53
14.23
10.59
9.26
9.37
8.96
11.42
15.19
11.93
11.2
15.01
14.94
11.85
9.4
10.44
10.13
10.83
12.94
17.04
18.17
19.59
20.45
20.82
19.11
19.85
20.29
16.16
15.52
16.64
15.35
14.49
14.59
15.26
14.9
15.25
17.79
17.21
14.99
15.46
15.81
17.86
19.41
19.34
18.28
19
18.25
19.79
21.09
20.11
18.73
20.2
20.99
20.63
18.13
14.74
16.5
17.07
19.38
15.69
15.44
19.53
16.54
13.04
15.04
18.65
17.19
16.77
18.47
20.36
21.62
22.47
23.65
22.61
22.87
21.68
22.38
23.64
25.51
23.35
23.04
23.18
20.51
21.6
21.68
21.32
20.31
20.77
21.8
25.59
26.67
25.97
25.27
24.62
25.39
25.04
22.86
23.72
24.92
26.44
26.79
26.16
24.86
25.41
26.77
27.39
28.07
28.51
28.77
30.24
30.92
30.95
27.68
28.98
30.29
30.44
30.72
31.53
29.47
29.31
29.82
31.06
31.66
31.83
29.68
28.78
28.13
28.39
27.48
29.48
30.52
30.96
29.47
29.77
30.14
30.89
31.2
31.43
31.67
31.08
30.52
30.46
30.74
31.26
31.62
32.02
32.37
32.01
31.17
31.84
32.45
31.65
32.29
32.33
31.26
30.44
27.92
28.17
28.66
28.22
28.87
28.35
27.51
27.29
27.81
28.07
28.39
26.2
26.88
28.13
28.76
29.1
29.19
29.68
30.27
29.42
29.23
29.09
27.23
27.08
26.65
27.3
27.76
27.72
26.47
26.18
26.45
26.09
26.55
27.16
27.73
26.03
24.6
24.24
24.29
24.37
24.42
24.42
23.76
24.07
24.93
26.26
26.9
27.11
25.5
26.75
27.38
28.07
27.29
26.51
26.14
25.54
24.2
22.05
21.13
22.2
22.54
22.56
22.76
24.01
24.31
24.8
24.62
23.64
21.27
21.79
18.41
17.83
19.38
22.07
23.37
19.73
17.7
17.01
17.39
17.78
18.96
20.46
18.09
16.42
14.91
14.73
15.49
12.36
10.71
12.26
12.72
11.12
12.69
14.98
14.77
15.42
17.29
14.21
12.49
11.01
10.79
11.38
12.75
13.69
13.8
15.45
16
13.54
16.93
14.86
11.73
10.98
11.38
9.84
10.39
11.77
12.15
11.52
12.48
13.84
13.31
12.24
12.29
12.81
13.35
15.12
12.45
10.51
9
7.28
7.71
8.06
8.64
8.78
8.87
10.36
9.66
11.5
12.16
13.47
15.71
15.79
13.95
8.27
6.52
6.15
4.91
4.01
3.35
3.85
4.63
4.15
2.54
1.17
0.54
0.24
0.42
1.14
2.44
4.91
5.12
4.93
5.99
5.74
2.8
2.61
3.04
2.64
1.08
3.51
5.95
8.95
14.85
15.92
11.05
8.97
9.34
8.23
6.57
7.29
6.09
5.57
4.81
6.3
6.67
5.78
5.51
5.23
3.46
2.78
3.01
3.49
5.32
4.79
3.38
2.75
4.13
6.45
9.58
9.25
8.23
15.77
19.56
13.53
7.06
7.5
9.05
12.15
11.58
11.71
7.81
10.44
10.71
9.36
10.29
11.44
11.7
9.12
8.11
8.28
10.01
11.86
11.66
9.68
9.1
9.25
10.61
12.83
11.98
11.8
11.65
10.93
11.66
19.62
21.59
22.46
19.78
21.72
17.33
17.12
17.57
14.99
14.23
12.73
10.56
13.25
11.7
11.99
12.98
10.15
9.31
11.15
12.59
13.94
16.39
18.03
14.63
12.89
13.55
16.4
16.53
16.51
16.15
14.6
13.96
15.84
17.38
16.14
15.69
16.9
17.35
17.97
18.48
19.25
20.51
21.05
20.79
20.85
21.66
22.84
22.69
23.27
23.16
23.06
23.97
24.51
25.43
24.15
24.17
24.72
25.12
25.98
24.46
24.27
25.24
26.12
26.75
25.55
26.16
27.07
27.18
27.34
27.87
27.96
28.62
28.77
27.4
26.06
26.54
27.62
26.1
25.8
27.23
27.48
28.15
27.45
27.62
28
28.08
28.2
28.2
28.23
27.75
27.27
27.12
26.67
26.17
26.3
25.31
26.98
27.8
28.3
28.43
28.2
27.5
28.63
29.58
29.61
29.84
30.46
30.4
30.26
30.01
30.41
30.83
31.18
31.1
31.29
31.37
31.42
31.63
30.82
30.82
31.53
31.82
31.84
30.65
30.35
30.73
30.46
30.6
31.08
31.41
29.47
28.78
28.34
28.63
28.83
28.67
29.12
29.65
29.93
28.95
28.47
29.04
29.3
28.42
27.69
27.69
28.57
29
29.64
29.91
29.12
28.05
27.49
27.83
28.4
29.17
29.59
29.82
30.08
30.5
30.65
30.81
30.54
30.25
29.94
29.28
27.78
28.08
28.12
27.42
26.58
25.59
24.64
25.31
25.89
26
26.22
26.4
26.75
27.06
27.32
27.29
27.3
25.53
23.36
23.46
24.08
24.51
22.59
20.94
21.64
22.31
23.36
24.12
24.31
24.82
25.24
25.36
25.09
23.7
24.16
23.48
22.03
20.27
19.57
18.84
18.38
16.09
15.49
15.72
16.57
16.65
16.53
16
15.63
16.35
15.66
15.57
15.65
16
16.29
16.37
17.75
16.32
15.01
14.41
14.07
13.9
14.11
14.32
14.67
13.84
12.5
10.7
10.9
9.77
7.52
6.6
7.24
8.75
9.29
8.42
7.49
7.95
7.85
8.12
10.03
9.69
9.48
7.38
7.05
7.52
8.48
9.64
10.4
9.03
8.23
6.93
5.82
7.2
6.97
5.87
5.77
5.26
5.23
6.84
7.52
6.13
5.42
5.65
6.04
6.75
7.27
7.27
6.39
6.44
6.51
5.92
6.44
9.12
9.03
5.98
4.64
4.09
5.07
4.19
2.97
2.54
3.11
4.18
5.47
8.37
7.33
6.09
5.45
5.8
5.7
4.32
4.64
4.68
5.58
6.3
6.06
5.19
3.16
3.71
5.56
3.58
3.53
3.04
3.16
4.24
4.49
3.18
2.86
2.94
5.5
7.54
9.52
10.06
9.01
8.13
6.17
3.96
3.89
4.37
5.57
6.34
5.7
7.21
7.04
4.77
5.07
4.37
3.77
4.4
5.36
6.17
7.22
6.67
6.64
6.74
5.29
3.16
3.41
3.65
3.13
2.02
2.2
2.97
4.61
6.22
8.04
7.27
7.27
9.08
11.06
10.06
8.75
8.54
9.34
10.21
10.45
11.35
11.24
11.73
12.9
14.59
13.5
13.24
13.39
14.26
14.58
12.55
10.75
11.13
11.56
12.39
13.76
14.62
15.56
16.27
16.94
17.14
17.77
16.77
14.47
12.43
11.65
13.78
15.35
16.69
17.26
16.02
15.85
17.23
17.64
17.71
17.05
17.59
17.98
18.82
19.12
19.3
19.23
18.48
18.35
18.23
18.03
18.47
20.4
20.92
20.33
19.12
17.65
17.09
17.68
18.86
20.51
21.56
22.33
22.48
21.78
21.55
21.48
21.56
21.37
22.88
23.77
23.88
24.32
24.61
24.41
22.84
22.77
23.69
24.14
24.56
24.98
24.99
25.1
24.76
24.97
25.64
25.01
24.36
23.86
24.29
23.99
24.01
25.33
25.17
24.99
25.52
25.75
26.31
27.73
27.89
26.61
25.99
26.55
27.33
27.8
28.2
28.12
28.02
27.61
27.85
28.13
28.12
28.23
27.78
27.71
27.95
28.12
28.66
29.05
28.46
28.51
28.83
28.68
29.45
30.13
30.27
30.43
30.6
30.51
29.8
28.8
28.44
28.48
27.97
28.06
28.55
29.37
29.54
29.63
29.85
29.69
29.08
28.7
29.24
29.95
30.52
30.48
30.11
30.55
31.08
31.36
30.5
29.98
29.89
30.52
31.17
30.63
30.7
30.91
30.93
30.66
29.68
28.91
28.38
29.52
28.11
28.06
28.61
27.24
26.78
27.7
27.94
27.88
27.93
27.72
27.54
27.6
27.3
27.34
27.65
27.73
27.92
27.12
27.12
27.13
27.17
26.92
26.83
26.79
26.51
25.84
26.14
26.25
26.89
26.95
26.92
26.65
26.7
26.67
26.6
26.66
26.51
25.79
24.86
25.29
24.65
22.74
21.32
22.14
22.68
18.4
16
16.24
17.76
20.33
18.62
17.18
17.64
18.17
17.76
17.69
16.45
16.47
16.05
12.91
13.29
13.77
13.21
11.65
10.41
9.23
8.8
9.61
9.52
10.8
11.95
13.63
12.48
10.48
10.76
11.9
11.36
7.77
6.97
7.29
7.72
8.01
9.01
9.18
10.02
11.43
12.6
10.48
9.27
8.95
9.01
9.43
8.7
8.23
8.32
9.39
7.87
6.98
7.03
7.52
9.04
9
7.92
8.63
9.02
7.25
6.07
6.84
7.02
7.15
6.53
5.66
4.74
4.34
4.27
4.88
6.04
6.53
5.81
6.27
7.46
8.41
8.31
9.8
8.54
6.51
5.47
